   1   5   1   0  0.1944088E+03  0.1000000E-03
  CAR 
 unknown system                          
   0   0   0
   1   1
 256 256 256
 256
  0.1000000E-09
  0.6250000E-11
   1
  0.5000000E-15  0.9830962E-09  0.9741495E-09  0.1015783E-08
  0.2853892E+02  0.2853892E+02
  0.000
  0.000
  0.000
  0.000
  0.000
  0.000
  0.000
  0.000
  0.000
  0.000
  0.000
  0.000
  0.000
  0.000
  0.000
  0.000
  0.000
330.972
  0.000
  0.000
  0.000
  0.000
  0.000
  0.000
  0.000
  0.000
  0.000
  0.000
159.134
 26.211
  0.000
  0.000
  0.000
  0.000
  0.000
  0.000
  0.000
  0.000
  0.000
  0.000
  0.000
  0.000
  0.000
  0.000
  0.000
  0.000
  0.000
  0.000
  0.000
  0.000
  0.000
  0.000
  0.000
  0.000
  0.000
  0.000
  0.000
  0.000
  0.000
  0.000
  0.000
  0.000
  0.000
  0.000
  0.000
  0.000
  0.000
  0.000
  0.000
  0.000
  0.000
  0.000
  0.000
  0.000
  0.000
  0.000
  0.000
  0.000
  0.000
  0.000
  0.000
  0.000
  0.000
  0.000
  0.000
  0.000
  0.000
  0.000
  0.000
  0.000
  0.000
  0.000
  0.000
  0.000
  0.000
  0.000
  0.000
  0.000
  0.000
  0.000
  0.000
  0.000
  0.000
  0.000
  0.000
  0.000
  0.000
  0.000
  0.000
  0.000
  0.000
  0.000
  0.000
  0.000
  0.000
  0.000
  0.000
  0.000
  0.000
  0.000
  0.000
  0.000
  0.000
  0.000
  0.000
  0.000
  0.000
  0.000
  0.000
  0.000
  0.000
  1.466
  2.166
  2.133
  0.000
  1.381
  0.000
  0.804
  0.529
  0.651
  1.926
  0.000
  0.000
  1.231
  0.000
  0.000
  0.000
  3.495
  4.598
  2.268
  0.000
  1.877
  1.417
  0.000
  1.062
  2.096
  0.000
  2.963
  1.110
  0.996
  0.000
  1.944
  2.880
  0.948
  4.309
  2.221
  0.914
  0.903
  0.714
  0.176
  0.000
  1.379
  0.341
  0.000
  0.666
  0.165
  0.814
  2.172
  0.557
  0.629
  2.723
  1.000
  0.152
  0.602
  0.000
  0.000
  0.000
  0.000
  0.000
  0.000
  0.000
  0.691
  0.000
  0.135
  0.536
  0.000
  1.050
  1.365
  0.193
  0.637
  0.000
  0.000
  0.618
  0.857
  0.788
  1.440
  1.308
  2.767
  1.166
  0.520
  1.773
  1.303
  0.393
  1.112
  1.102
  2.019
  0.162
  2.090
  2.336
  1.052
  1.929
  0.000
  2.560
  0.710
  1.308
  0.748
  1.136
  1.665
  0.874
  2.358
  1.574
  0.709
  0.797
  1.348
  1.752
  0.914
  1.495
  1.618
  0.891
  0.619
  0.570
  1.000
  0.991
  0.727
  1.569
  1.388
  0.584
  0.538
  0.123
  0.000
  1.010
  1.242
  0.954
  0.394
  0.783
  1.048
