   1   5   1   0  0.2066232E+03  0.1000000E-03
  CAR 
 unknown system                          
   0   0   0
   1   1
 256 256 256
 256
  0.1000000E-09
  0.6250000E-11
   1
  0.5000000E-15  0.9990039E-09  0.1019095E-08  0.1015394E-08
  0.1966289E+02  0.1966289E+02
  0.000
  0.000
  0.000
  0.000
  0.000
  0.000
  0.000
  0.000
  0.000
  0.000
  0.000
  0.000
  0.000
  0.000
  0.000
  0.000
  0.000
351.767
  0.000
  0.000
  0.000
  0.000
  0.000
  0.000
  0.000
  0.000
  0.000
  0.000
182.397
 15.477
  0.000
  0.000
  0.000
  0.000
  0.000
  0.000
  0.000
  0.000
  0.000
  0.000
  0.000
  0.000
  0.000
  0.000
  0.000
  0.000
  0.000
  0.000
  0.000
  0.000
  0.000
  0.000
  0.000
  0.000
  0.000
  0.000
  0.000
  0.000
  0.000
  0.000
  0.000
  0.000
  0.000
  0.000
  0.000
  0.000
  0.000
  0.000
  0.000
  0.000
  0.000
  0.000
  0.000
  0.000
  0.000
  0.000
  0.000
  0.000
  0.000
  0.000
  0.000
  0.000
  0.000
  0.000
  0.000
  0.000
  0.000
  0.000
  0.000
  0.000
  0.000
  0.000
  0.000
  0.000
  0.000
  0.000
  0.000
  0.000
  0.000
  0.000
  0.000
  0.000
  0.000
  0.000
  0.000
  0.000
  0.000
  0.000
  0.000
  0.000
  0.000
  0.000
  0.000
  0.000
  0.000
  0.000
  0.000
  0.000
  0.000
  0.000
  0.000
  0.000
  0.000
  0.000
  0.000
  0.000
  0.000
  0.000
  0.000
  0.000
  0.000
  0.000
  0.000
  0.907
  0.596
  1.467
  0.000
  1.425
  1.404
  1.246
  1.501
  0.000
  1.327
  0.000
  0.000
  0.000
  0.000
  2.476
  2.443
  1.205
  0.000
  2.230
  2.433
  1.143
  3.047
  1.448
  0.000
  1.086
  1.072
  0.000
  2.092
  1.033
  2.040
  0.000
  7.068
  0.885
  3.887
  0.000
  0.949
  0.000
  0.000
  0.000
  0.905
  0.895
  0.000
  0.875
  2.594
  2.480
  1.353
  1.338
  0.744
  0.818
  0.000
  0.800
  0.000
  0.783
  0.000
  0.307
  0.986
  0.225
  0.297
  0.441
  0.000
  0.000
  0.000
  0.000
  0.000
  0.000
  0.000
  1.083
  0.268
  0.663
  0.000
  0.000
  0.837
  1.021
  1.327
  0.626
  0.868
  1.166
  1.642
  0.422
  1.730
  0.355
  1.405
  1.218
  1.782
  1.822
  1.693
  1.118
  1.108
  0.933
  3.374
  0.593
  0.962
  1.801
  1.470
  0.521
  1.032
  0.511
  0.355
  2.664
  1.993
  0.000
  1.960
  1.457
  1.638
  2.006
  1.894
  2.066
  0.000
  0.000
  0.916
  1.181
  1.622
  2.280
  0.310
  0.000
  1.222
  0.606
  0.343
  0.426
  1.986
  1.803
  0.416
  0.660
