   1   5   1   0  0.2000000E+03  0.1000000E-03
  CAR 
 unknown system                          
   0   0   0
   1   1
 256 256 256
 256
  0.1000000E-09
  0.6250000E-11
   1
  0.5000000E-15  0.1000000E-08  0.1000000E-08  0.1000000E-08
  0.1365605E-03  0.1365605E-03
  0.000
  0.000
  0.000
  0.000
  0.000
  0.000
  0.000
  0.000
  0.000
  0.000
  0.000
  0.000
  0.000
  0.000
  0.000
  0.000
  0.000
340.491
  0.000
  0.000
  0.000
  0.000
  0.000
  0.000
  0.000
  0.000
  0.000
  0.000
192.600
  0.000
  0.000
  0.000
  0.000
  0.000
  0.000
  0.000
  0.000
  0.000
  0.000
  0.000
  0.000
  0.000
  0.000
  0.000
  0.000
  0.000
  0.000
  0.000
  0.000
  0.000
  0.000
  0.000
  0.000
  0.000
  0.000
  0.000
  0.000
  0.000
  0.000
  0.000
  0.000
  0.000
  0.000
  0.000
  0.000
  0.000
  0.000
  0.000
  0.000
  0.000
  0.000
  0.000
  0.000
  0.000
  0.000
  0.000
  0.000
  0.000
  0.000
  0.000
  0.000
  0.000
  0.000
  0.000
  0.000
  0.000
  0.000
  0.000
  0.000
  0.000
  0.000
  0.000
  0.000
  0.000
  0.000
  0.000
  0.000
  0.000
  0.000
  0.000
  0.000
  0.000
  0.000
  0.000
  0.000
  0.000
  0.000
  0.000
  0.000
  0.000
  0.000
  0.000
  0.000
  0.000
  0.000
  0.000
  0.000
  0.000
  0.000
  0.000
  0.000
  0.000
  0.000
  0.000
  0.000
  0.000
  0.000
  0.000
  0.000
  0.000
  0.000
  1.508
  0.000
  0.000
  0.000
  2.840
  0.000
  1.379
  1.359
  1.340
  0.000
  0.000
  1.284
  0.000
  1.249
  2.463
  2.430
  0.000
  1.182
  2.333
  1.151
  1.136
  3.364
  0.000
  0.000
  1.078
  1.065
  0.000
  2.076
  1.025
  3.037
  2.999
  0.987
  1.951
  3.854
  0.000
  1.881
  0.000
  1.837
  0.000
  0.897
  0.000
  0.876
  1.732
  0.856
  3.386
  0.000
  2.483
  0.000
  0.000
  0.000
  0.000
  0.783
  0.774
  0.766
  1.516
  0.000
  0.000
  0.734
  0.000
  0.000
  0.000
  0.000
  0.000
  0.000
  0.000
  0.000
  0.000
  1.324
  0.655
  0.649
  0.642
  0.636
  0.000
  0.624
  1.235
  0.000
  1.211
  1.799
  2.376
  1.177
  0.583
  0.577
  2.288
  0.567
  2.807
  0.000
  1.102
  1.092
  2.165
  2.145
  2.126
  1.053
  0.522
  2.587
  0.513
  0.508
  1.008
  1.498
  1.980
  0.491
  0.973
  2.412
  0.478
  0.474
  2.351
  1.865
  1.849
  1.375
  0.909
  0.902
  0.894
  1.330
  0.440
  0.872
  0.865
  1.717
  0.000
  0.845
  0.838
  0.416
  0.825
  0.409
  1.217
  1.208
  0.399
