   1   5   1   0  0.2067751E+03  0.1000000E-03
  CAR 
 unknown system                          
   0   0   0
   1   1
 256 256 256
 256
  0.1000000E-09
  0.6250000E-11
   1
  0.5000000E-15  0.1024087E-08  0.1021181E-08  0.9889236E-09
  0.3278884E+02  0.3278884E+02
  0.000
  0.000
  0.000
  0.000
  0.000
  0.000
  0.000
  0.000
  0.000
  0.000
  0.000
  0.000
  0.000
  0.000
  0.000
  0.000
  0.000
334.424
 15.750
  0.000
  0.000
  0.000
  0.000
  0.000
  0.000
  0.000
  0.000
  0.000
162.619
 34.073
  0.000
  0.000
  0.000
  0.000
  0.000
  0.000
  0.000
  0.000
  0.000
  0.000
  0.000
  0.000
  0.000
  0.000
  0.000
  0.000
  0.000
  0.000
  0.000
  0.000
  0.000
  0.000
  0.000
  0.000
  0.000
  0.000
  0.000
  0.000
  0.000
  0.000
  0.000
  0.000
  0.000
  0.000
  0.000
  0.000
  0.000
  0.000
  0.000
  0.000
  0.000
  0.000
  0.000
  0.000
  0.000
  0.000
  0.000
  0.000
  0.000
  0.000
  0.000
  0.000
  0.000
  0.000
  0.000
  0.000
  0.000
  0.000
  0.000
  0.000
  0.000
  0.000
  0.000
  0.000
  0.000
  0.000
  0.000
  0.000
  0.000
  0.000
  0.000
  0.000
  0.000
  0.000
  0.000
  0.000
  0.000
  0.000
  0.000
  0.000
  0.000
  0.000
  0.000
  0.000
  0.000
  0.000
  0.000
  0.000
  0.000
  0.000
  0.000
  0.000
  0.000
  0.000
  0.000
  0.000
  0.000
  0.000
  0.000
  1.608
  0.000
  0.000
  0.000
  0.000
  0.000
  0.000
  0.000
  0.428
  1.687
  0.693
  1.366
  0.943
  0.398
  2.095
  2.195
  2.165
  1.256
  3.346
  0.367
  0.000
  0.000
  1.175
  0.000
  1.144
  1.129
  1.115
  2.201
  0.000
  2.146
  2.119
  2.721
  1.861
  1.634
  1.008
  1.993
  0.000
  0.972
  0.961
  2.754
  0.094
  1.855
  0.000
  3.624
  2.687
  0.000
  2.626
  0.346
  0.513
  0.423
  1.255
  0.083
  0.737
  0.000
  0.000
  0.000
  0.313
  1.240
  0.997
  0.607
  0.976
  0.446
  0.000
  0.000
  0.000
  0.000
  0.000
  0.000
  0.553
  0.137
  0.000
  0.671
  0.398
  0.263
  0.000
  0.774
  0.958
  0.190
  0.063
  2.605
  2.273
  0.000
  0.000
  1.134
  1.833
  2.227
  0.290
  1.725
  2.906
  1.242
  0.224
  1.608
  1.703
  1.089
  1.619
  2.140
  0.530
  1.576
  1.563
  1.549
  0.512
  1.522
  0.000
  0.997
  0.297
  2.353
  2.042
  1.976
  1.529
  1.280
  1.316
  1.025
  1.294
  1.650
  0.682
  1.488
  1.431
  0.488
  1.056
  0.568
  0.303
  1.074
  0.000
  0.423
  1.510
  1.249
  0.165
