   1   5   1   0  0.2039264E+03  0.1000000E-03
  CAR 
 unknown system                          
   0   0   0
   1   1
 256 256 256
 256
  0.1000000E-09
  0.6250000E-11
   1
  0.5000000E-15  0.1013919E-08  0.9847818E-09  0.1021553E-08
  0.2492593E+02  0.2492593E+02
  0.000
  0.000
  0.000
  0.000
  0.000
  0.000
  0.000
  0.000
  0.000
  0.000
  0.000
  0.000
  0.000
  0.000
  0.000
  0.000
  0.000
347.176
  0.000
  0.000
  0.000
  0.000
  0.000
  0.000
  0.000
  0.000
  0.000
  0.000
176.743
 18.329
  0.000
  0.000
  0.000
  0.000
  0.000
  0.000
  0.000
  0.000
  0.000
  0.000
  0.000
  0.000
  0.000
  0.000
  0.000
  0.000
  0.000
  0.000
  0.000
  0.000
  0.000
  0.000
  0.000
  0.000
  0.000
  0.000
  0.000
  0.000
  0.000
  0.000
  0.000
  0.000
  0.000
  0.000
  0.000
  0.000
  0.000
  0.000
  0.000
  0.000
  0.000
  0.000
  0.000
  0.000
  0.000
  0.000
  0.000
  0.000
  0.000
  0.000
  0.000
  0.000
  0.000
  0.000
  0.000
  0.000
  0.000
  0.000
  0.000
  0.000
  0.000
  0.000
  0.000
  0.000
  0.000
  0.000
  0.000
  0.000
  0.000
  0.000
  0.000
  0.000
  0.000
  0.000
  0.000
  0.000
  0.000
  0.000
  0.000
  0.000
  0.000
  0.000
  0.000
  0.000
  0.000
  0.000
  0.000
  0.000
  0.000
  0.000
  0.000
  0.000
  0.000
  0.000
  0.000
  0.000
  0.000
  0.000
  0.000
  0.000
  0.000
  0.000
  0.151
  1.343
  2.939
  0.000
  0.000
  1.406
  0.000
  0.137
  1.212
  0.797
  1.833
  0.000
  0.891
  0.377
  1.239
  0.000
  3.738
  3.926
  1.878
  0.000
  1.143
  1.128
  0.000
  1.100
  1.086
  1.072
  0.212
  1.881
  2.374
  0.714
  1.007
  2.984
  0.000
  2.912
  3.836
  1.895
  1.873
  0.185
  2.104
  0.452
  0.625
  1.148
  0.000
  0.000
  0.000
  2.110
  0.918
  1.073
  0.408
  1.291
  1.197
  0.395
  0.703
  0.464
  0.382
  0.378
  0.374
  0.000
  0.000
  0.073
  0.646
  0.000
  0.000
  0.000
  0.000
  0.682
  0.675
  0.000
  0.000
  0.000
  1.232
  0.835
  0.826
  0.944
  0.249
  1.606
  1.284
  0.545
  0.180
  0.594
  1.825
  2.100
  1.560
  0.573
  1.588
  1.124
  1.893
  2.097
  0.711
  1.084
  1.611
  2.448
  1.477
  1.359
  1.347
  1.233
  1.528
  0.858
  1.952
  0.198
  1.180
  0.780
  0.870
  1.918
  1.474
  1.508
  0.888
  0.742
  1.517
  1.915
  1.176
  1.076
  0.978
  1.059
  1.006
  0.000
  0.431
  1.153
  1.313
  1.051
  0.292
  0.621
  0.944
  0.896
