   1   5   1   0  0.2028769E+03  0.1000000E-03
  CAR 
 unknown system                          
   0   0   0
   1   1
 256 256 256
 256
  0.1000000E-09
  0.6250000E-11
   1
  0.5000000E-15  0.9987601E-09  0.1008377E-08  0.1007757E-08
  0.1391926E+02  0.1391926E+02
  0.000
  0.000
  0.000
  0.000
  0.000
  0.000
  0.000
  0.000
  0.000
  0.000
  0.000
  0.000
  0.000
  0.000
  0.000
  0.000
  0.000
345.389
  0.000
  0.000
  0.000
  0.000
  0.000
  0.000
  0.000
  0.000
  0.000
  0.000
179.090
 15.196
  0.000
  0.000
  0.000
  0.000
  0.000
  0.000
  0.000
  0.000
  0.000
  0.000
  0.000
  0.000
  0.000
  0.000
  0.000
  0.000
  0.000
  0.000
  0.000
  0.000
  0.000
  0.000
  0.000
  0.000
  0.000
  0.000
  0.000
  0.000
  0.000
  0.000
  0.000
  0.000
  0.000
  0.000
  0.000
  0.000
  0.000
  0.000
  0.000
  0.000
  0.000
  0.000
  0.000
  0.000
  0.000
  0.000
  0.000
  0.000
  0.000
  0.000
  0.000
  0.000
  0.000
  0.000
  0.000
  0.000
  0.000
  0.000
  0.000
  0.000
  0.000
  0.000
  0.000
  0.000
  0.000
  0.000
  0.000
  0.000
  0.000
  0.000
  0.000
  0.000
  0.000
  0.000
  0.000
  0.000
  0.000
  0.000
  0.000
  0.000
  0.000
  0.000
  0.000
  0.000
  0.000
  0.000
  0.000
  0.000
  0.000
  0.000
  0.000
  0.000
  0.000
  0.000
  0.000
  0.000
  0.000
  0.000
  0.000
  0.000
  0.000
  0.000
  1.507
  0.000
  0.000
  1.441
  1.136
  2.378
  0.689
  0.136
  1.206
  0.000
  1.303
  0.000
  0.000
  1.124
  1.849
  1.945
  1.199
  1.183
  2.219
  0.115
  3.412
  2.245
  0.000
  1.094
  0.000
  1.493
  0.632
  0.936
  2.156
  2.028
  1.202
  3.463
  5.181
  0.000
  1.908
  0.000
  0.932
  0.000
  0.910
  0.899
  0.000
  0.879
  0.869
  2.576
  1.189
  2.183
  1.411
  0.246
  0.000
  0.803
  0.000
  0.786
  0.000
  0.999
  0.837
  0.451
  0.000
  0.516
  0.219
  0.000
  0.000
  0.000
  0.000
  0.000
  0.000
  0.000
  0.671
  0.665
  0.000
  1.042
  0.581
  1.597
  0.126
  0.501
  0.000
  1.229
  1.156
  1.446
  0.836
  1.360
  2.460
  1.045
  1.495
  1.367
  1.693
  0.559
  1.108
  1.647
  1.632
  1.617
  2.511
  1.112
  0.630
  0.520
  1.547
  0.511
  1.013
  0.502
  0.996
  2.468
  1.223
  2.426
  1.876
  1.240
  1.040
  0.985
  1.907
  0.738
  1.509
  1.225
  1.214
  0.848
  0.619
  0.614
  0.479
  1.511
  0.428
  0.977
  1.686
  0.293
  0.830
  0.659
  0.572
  0.405
