   1   5   1   0  0.1987002E+03  0.1000000E-03
  CAR 
 unknown system                          
   0   0   0
   1   1
 256 256 256
 256
  0.1000000E-09
  0.6250000E-11
   1
  0.5000000E-15  0.9703409E-09  0.1026481E-08  0.9974718E-09
  0.2680925E+02  0.2680925E+02
  0.000
  0.000
  0.000
  0.000
  0.000
  0.000
  0.000
  0.000
  0.000
  0.000
  0.000
  0.000
  0.000
  0.000
  0.000
  0.000
  0.000
329.821
  7.568
  0.000
  0.000
  0.000
  0.000
  0.000
  0.000
  0.000
  0.000
  0.000
162.646
 26.790
  0.000
  0.000
  0.000
  0.000
  0.000
  0.000
  0.000
  0.000
  0.000
  0.000
  0.000
  0.000
  0.000
  0.000
  0.000
  0.000
  0.000
  0.000
  0.000
  0.000
  0.000
  0.000
  0.000
  0.000
  0.000
  0.000
  0.000
  0.000
  0.000
  0.000
  0.000
  0.000
  0.000
  0.000
  0.000
  0.000
  0.000
  0.000
  0.000
  0.000
  0.000
  0.000
  0.000
  0.000
  0.000
  0.000
  0.000
  0.000
  0.000
  0.000
  0.000
  0.000
  0.000
  0.000
  0.000
  0.000
  0.000
  0.000
  0.000
  0.000
  0.000
  0.000
  0.000
  0.000
  0.000
  0.000
  0.000
  0.000
  0.000
  0.000
  0.000
  0.000
  0.000
  0.000
  0.000
  0.000
  0.000
  0.000
  0.000
  0.000
  0.000
  0.000
  0.000
  0.000
  0.000
  0.000
  0.000
  0.000
  0.000
  0.000
  0.000
  0.000
  0.000
  0.000
  0.000
  0.000
  0.000
  0.000
  0.000
  0.000
  0.761
  2.247
  0.148
  1.163
  0.430
  1.129
  0.000
  0.822
  0.945
  0.932
  0.787
  0.518
  0.000
  0.000
  1.241
  1.224
  2.414
  0.000
  3.524
  1.159
  1.144
  0.000
  2.228
  0.000
  2.171
  2.357
  2.962
  0.000
  0.000
  3.462
  1.710
  4.867
  0.981
  1.938
  0.000
  0.946
  0.000
  0.923
  0.912
  0.000
  0.000
  0.000
  0.609
  2.840
  2.552
  0.000
  1.830
  2.056
  0.732
  1.126
  1.352
  0.236
  0.000
  0.000
  0.000
  0.000
  0.000
  0.000
  1.021
  0.505
  0.642
  0.000
  0.000
  0.000
  0.000
  0.000
  0.671
  0.000
  0.657
  0.651
  0.258
  1.340
  0.948
  0.000
  1.239
  0.368
  0.911
  1.143
  0.596
  2.538
  0.994
  0.927
  3.098
  1.137
  0.000
  1.785
  1.161
  2.574
  1.085
  0.860
  1.332
  1.743
  0.314
  1.556
  0.514
  0.509
  0.505
  1.502
  2.481
  1.476
  1.170
  1.740
  2.396
  0.950
  2.403
  0.794
  1.806
  0.827
  0.228
  0.813
  1.747
  1.199
  0.925
  0.393
  0.693
  0.473
  1.023
  0.846
  0.839
  1.873
  0.826
  0.000
  0.813
  0.403
  0.400
  0.556
