   1   5   1   0  0.2015155E+03  0.1000000E-03
  CAR 
 unknown system                          
   0   0   0
   1   1
 256 256 256
 256
  0.1000000E-09
  0.6250000E-11
   1
  0.5000000E-15  0.1006148E-08  0.9782999E-09  0.1024498E-08
  0.2377549E+02  0.2377549E+02
  0.000
  0.000
  0.000
  0.000
  0.000
  0.000
  0.000
  0.000
  0.000
  0.000
  0.000
  0.000
  0.000
  0.000
  0.000
  0.000
  0.000
343.071
  0.000
  0.000
  0.000
  0.000
  0.000
  0.000
  0.000
  0.000
  0.000
  0.000
164.951
 27.169
  0.000
  0.000
  0.000
  0.000
  0.000
  0.000
  0.000
  0.000
  0.000
  0.000
  0.000
  0.000
  0.000
  0.000
  0.000
  0.000
  0.000
  0.000
  0.000
  0.000
  0.000
  0.000
  0.000
  0.000
  0.000
  0.000
  0.000
  0.000
  0.000
  0.000
  0.000
  0.000
  0.000
  0.000
  0.000
  0.000
  0.000
  0.000
  0.000
  0.000
  0.000
  0.000
  0.000
  0.000
  0.000
  0.000
  0.000
  0.000
  0.000
  0.000
  0.000
  0.000
  0.000
  0.000
  0.000
  0.000
  0.000
  0.000
  0.000
  0.000
  0.000
  0.000
  0.000
  0.000
  0.000
  0.000
  0.000
  0.000
  0.000
  0.000
  0.000
  0.000
  0.000
  0.000
  0.000
  0.000
  0.000
  0.000
  0.000
  0.000
  0.000
  0.000
  0.000
  0.000
  0.000
  0.000
  0.000
  0.000
  0.000
  0.000
  0.000
  0.000
  0.000
  0.000
  0.000
  0.000
  0.000
  0.000
  0.000
  0.000
  0.000
  0.000
  1.497
  1.474
  0.726
  1.431
  0.705
  0.000
  0.000
  1.350
  0.665
  1.968
  0.000
  1.276
  1.258
  0.000
  0.000
  0.362
  3.098
  4.467
  1.508
  0.000
  0.226
  3.122
  0.000
  1.087
  1.073
  0.106
  1.987
  2.582
  1.428
  0.705
  0.398
  0.983
  0.971
  4.988
  3.601
  1.686
  1.296
  1.280
  0.362
  0.000
  1.766
  0.000
  0.000
  0.000
  0.000
  0.834
  2.556
  0.734
  0.242
  2.393
  0.552
  0.780
  0.772
  0.000
  0.151
  0.598
  0.000
  0.000
  0.000
  0.000
  0.425
  0.281
  0.000
  0.000
  0.680
  0.674
  0.000
  0.726
  0.588
  0.129
  1.153
  0.634
  0.126
  0.498
  0.370
  1.709
  1.027
  1.736
  0.356
  1.997
  1.164
  2.306
  1.142
  0.000
  2.130
  1.222
  1.101
  1.036
  1.729
  1.499
  0.584
  2.419
  2.085
  1.343
  1.075
  0.457
  1.107
  1.197
  2.571
  1.226
  0.778
  0.482
  1.386
  1.421
  1.409
  0.885
  1.894
  1.603
  0.863
  1.171
  0.447
  1.196
  1.099
  1.482
  0.605
  0.472
  0.808
  0.844
  1.424
  0.374
  0.536
  0.164
  0.811
  1.449
