   1   5   1   0  0.1985492E+03  0.1000000E-03
  CAR 
 unknown system                          
   0   0   0
   1   1
 256 256 256
 256
  0.1000000E-09
  0.6250000E-11
   1
  0.5000000E-15  0.1025338E-08  0.9957528E-09  0.9726342E-09
  0.3841756E+02  0.3841756E+02
  0.000
  0.000
  0.000
  0.000
  0.000
  0.000
  0.000
  0.000
  0.000
  0.000
  0.000
  0.000
  0.000
  0.000
  0.000
  0.000
  0.000
312.670
 22.686
  0.000
  0.000
  0.000
  0.000
  0.000
  0.000
  0.000
  0.000
  6.845
162.523
 20.820
  0.000
  0.000
  0.000
  0.000
  0.000
  0.000
  0.000
  0.000
  0.000
  0.000
  0.000
  0.000
  0.000
  0.000
  0.000
  0.000
  0.000
  0.000
  0.000
  0.000
  0.000
  0.000
  0.000
  0.000
  0.000
  0.000
  0.000
  0.000
  0.000
  0.000
  0.000
  0.000
  0.000
  0.000
  0.000
  0.000
  0.000
  0.000
  0.000
  0.000
  0.000
  0.000
  0.000
  0.000
  0.000
  0.000
  0.000
  0.000
  0.000
  0.000
  0.000
  0.000
  0.000
  0.000
  0.000
  0.000
  0.000
  0.000
  0.000
  0.000
  0.000
  0.000
  0.000
  0.000
  0.000
  0.000
  0.000
  0.000
  0.000
  0.000
  0.000
  0.000
  0.000
  0.000
  0.000
  0.000
  0.000
  0.000
  0.000
  0.000
  0.000
  0.000
  0.000
  0.000
  0.000
  0.000
  0.000
  0.000
  0.000
  0.000
  0.000
  0.000
  0.000
  0.000
  0.000
  0.000
  0.485
  1.115
  0.000
  0.000
  0.000
  0.000
  0.000
  0.000
  1.431
  0.000
  1.389
  0.000
  0.270
  1.064
  0.525
  2.327
  3.187
  2.640
  1.488
  1.223
  0.965
  0.238
  1.174
  1.158
  1.143
  1.692
  0.557
  0.000
  0.000
  1.071
  3.171
  2.609
  0.515
  2.442
  1.608
  0.000
  1.372
  1.549
  0.957
  0.945
  0.000
  1.107
  1.641
  3.784
  2.939
  1.584
  1.740
  1.462
  0.850
  0.840
  0.000
  0.000
  0.000
  0.000
  0.079
  0.629
  0.078
  1.153
  0.380
  0.752
  0.447
  0.663
  0.364
  0.433
  0.285
  0.000
  0.279
  0.415
  0.000
  0.000
  0.000
  0.664
  0.000
  0.650
  1.288
  0.000
  0.568
  0.813
  0.928
  1.042
  0.364
  0.060
  3.335
  1.946
  0.584
  0.000
  0.573
  2.556
  1.407
  0.557
  1.657
  1.094
  1.464
  1.397
  3.141
  1.372
  2.667
  1.607
  1.027
  1.018
  0.505
  0.000
  0.496
  1.229
  1.705
  1.691
  1.820
  0.807
  0.942
  0.140
  2.684
  1.239
  0.683
  1.850
  1.969
  0.976
  0.000
  1.004
  0.736
  0.515
  1.363
  1.606
  0.545
  0.624
  0.083
  1.146
  0.406
  0.806
  0.839
  0.753
