   1   5   1   0  0.2041675E+03  0.1000000E-03
  CAR 
 unknown system                          
   0   0   0
   1   1
 256 256 256
 256
  0.1000000E-09
  0.6250000E-11
   1
  0.5000000E-15  0.1015450E-08  0.1009290E-08  0.9966528E-09
  0.1996435E+02  0.1996435E+02
  0.000
  0.000
  0.000
  0.000
  0.000
  0.000
  0.000
  0.000
  0.000
  0.000
  0.000
  0.000
  0.000
  0.000
  0.000
  0.000
  0.000
347.586
  0.000
  0.000
  0.000
  0.000
  0.000
  0.000
  0.000
  0.000
  0.000
  0.000
173.675
 21.410
  0.000
  0.000
  0.000
  0.000
  0.000
  0.000
  0.000
  0.000
  0.000
  0.000
  0.000
  0.000
  0.000
  0.000
  0.000
  0.000
  0.000
  0.000
  0.000
  0.000
  0.000
  0.000
  0.000
  0.000
  0.000
  0.000
  0.000
  0.000
  0.000
  0.000
  0.000
  0.000
  0.000
  0.000
  0.000
  0.000
  0.000
  0.000
  0.000
  0.000
  0.000
  0.000
  0.000
  0.000
  0.000
  0.000
  0.000
  0.000
  0.000
  0.000
  0.000
  0.000
  0.000
  0.000
  0.000
  0.000
  0.000
  0.000
  0.000
  0.000
  0.000
  0.000
  0.000
  0.000
  0.000
  0.000
  0.000
  0.000
  0.000
  0.000
  0.000
  0.000
  0.000
  0.000
  0.000
  0.000
  0.000
  0.000
  0.000
  0.000
  0.000
  0.000
  0.000
  0.000
  0.000
  0.000
  0.000
  0.000
  0.000
  0.000
  0.000
  0.000
  0.000
  0.000
  0.000
  0.000
  0.000
  0.000
  0.000
  0.000
  1.094
  0.462
  0.000
  0.000
  0.000
  0.000
  1.286
  1.408
  1.526
  0.000
  1.348
  0.000
  1.180
  0.129
  1.912
  2.766
  2.853
  0.000
  2.414
  1.191
  0.000
  0.000
  2.289
  1.130
  1.338
  0.881
  0.000
  1.073
  0.000
  3.139
  2.893
  1.735
  4.435
  0.100
  0.984
  0.972
  0.960
  1.898
  0.469
  1.390
  0.916
  1.810
  0.000
  1.769
  3.497
  0.000
  1.794
  1.605
  0.000
  0.496
  0.327
  0.000
  0.000
  0.000
  0.782
  0.232
  1.301
  1.211
  1.049
  0.000
  0.000
  0.000
  0.000
  0.000
  0.000
  0.000
  0.000
  0.000
  1.351
  0.134
  0.530
  0.000
  0.649
  0.450
  0.191
  0.882
  1.373
  0.866
  0.612
  0.485
  1.922
  2.380
  1.002
  0.934
  1.909
  0.802
  1.136
  0.563
  3.067
  2.486
  1.095
  0.000
  0.968
  1.172
  1.162
  2.774
  0.259
  1.029
  1.886
  1.567
  1.152
  0.447
  1.970
  1.465
  0.629
  1.296
  1.380
  1.982
  2.199
  1.021
  1.059
  0.776
  0.724
  1.526
  1.336
  1.016
  0.745
  0.608
  0.259
  1.112
  0.594
  0.800
  1.127
  0.166
  1.233
  0.612
