   1   5   1   0  0.1995418E+03  0.1000000E-03
  CAR 
 unknown system                          
   0   0   0
   1   1
 256 256 256
 256
  0.1000000E-09
  0.6250000E-11
   1
  0.5000000E-15  0.9900850E-09  0.1019575E-08  0.9886973E-09
  0.1460887E+02  0.1460887E+02
  0.000
  0.000
  0.000
  0.000
  0.000
  0.000
  0.000
  0.000
  0.000
  0.000
  0.000
  0.000
  0.000
  0.000
  0.000
  0.000
  0.000
339.711
  0.000
  0.000
  0.000
  0.000
  0.000
  0.000
  0.000
  0.000
  0.000
  0.000
185.754
  5.978
  0.000
  0.000
  0.000
  0.000
  0.000
  0.000
  0.000
  0.000
  0.000
  0.000
  0.000
  0.000
  0.000
  0.000
  0.000
  0.000
  0.000
  0.000
  0.000
  0.000
  0.000
  0.000
  0.000
  0.000
  0.000
  0.000
  0.000
  0.000
  0.000
  0.000
  0.000
  0.000
  0.000
  0.000
  0.000
  0.000
  0.000
  0.000
  0.000
  0.000
  0.000
  0.000
  0.000
  0.000
  0.000
  0.000
  0.000
  0.000
  0.000
  0.000
  0.000
  0.000
  0.000
  0.000
  0.000
  0.000
  0.000
  0.000
  0.000
  0.000
  0.000
  0.000
  0.000
  0.000
  0.000
  0.000
  0.000
  0.000
  0.000
  0.000
  0.000
  0.000
  0.000
  0.000
  0.000
  0.000
  0.000
  0.000
  0.000
  0.000
  0.000
  0.000
  0.000
  0.000
  0.000
  0.000
  0.000
  0.000
  0.000
  0.000
  0.000
  0.000
  0.000
  0.000
  0.000
  0.000
  0.000
  0.000
  0.000
  1.551
  0.000
  0.000
  0.000
  0.292
  1.151
  0.000
  1.396
  0.550
  2.170
  0.401
  1.450
  0.780
  0.000
  1.263
  2.243
  1.475
  0.000
  3.587
  0.000
  0.000
  0.000
  2.267
  0.000
  3.092
  1.090
  2.367
  0.000
  1.049
  3.003
  3.068
  1.616
  1.496
  1.872
  1.654
  1.442
  0.855
  1.877
  0.927
  0.000
  0.000
  0.000
  0.531
  2.098
  2.593
  0.000
  3.294
  0.084
  0.826
  1.143
  0.484
  0.799
  0.000
  0.781
  0.541
  0.229
  0.000
  0.748
  0.740
  0.146
  0.580
  0.000
  0.000
  0.000
  0.000
  0.206
  0.476
  0.000
  0.000
  0.660
  0.654
  0.647
  0.641
  0.000
  0.628
  1.244
  0.616
  0.000
  2.538
  1.496
  1.363
  1.174
  1.163
  1.152
  0.571
  1.131
  2.857
  1.610
  1.100
  1.035
  1.134
  2.140
  0.530
  0.526
  2.240
  1.394
  0.512
  1.014
  2.011
  1.495
  1.976
  1.175
  0.777
  1.107
  1.288
  1.514
  1.689
  0.558
  2.260
  0.960
  1.089
  1.484
  0.580
  0.885
  0.439
  1.306
  0.345
  1.713
  1.019
  0.758
  0.418
  0.083
  0.740
  1.224
  1.215
  0.402
  0.797
