   1   5   1   0  0.2084776E+03  0.1000000E-03
  CAR 
 unknown system                          
   0   0   0
   1   1
 256 256 256
 256
  0.1000000E-09
  0.6250000E-11
   1
  0.5000000E-15  0.1023329E-08  0.1007330E-08  0.1011362E-08
  0.2124426E+02  0.2124426E+02
  0.000
  0.000
  0.000
  0.000
  0.000
  0.000
  0.000
  0.000
  0.000
  0.000
  0.000
  0.000
  0.000
  0.000
  0.000
  0.000
  0.000
354.924
  0.000
  0.000
  0.000
  0.000
  0.000
  0.000
  0.000
  0.000
  0.000
  0.000
147.227
 49.969
  0.000
  0.000
  0.000
  0.000
  0.000
  0.000
  0.000
  0.000
  0.000
  0.000
  0.000
  0.000
  0.000
  0.000
  0.000
  0.000
  0.000
  0.000
  0.000
  0.000
  0.000
  0.000
  0.000
  0.000
  0.000
  0.000
  0.000
  0.000
  0.000
  0.000
  0.000
  0.000
  0.000
  0.000
  0.000
  0.000
  0.000
  0.000
  0.000
  0.000
  0.000
  0.000
  0.000
  0.000
  0.000
  0.000
  0.000
  0.000
  0.000
  0.000
  0.000
  0.000
  0.000
  0.000
  0.000
  0.000
  0.000
  0.000
  0.000
  0.000
  0.000
  0.000
  0.000
  0.000
  0.000
  0.000
  0.000
  0.000
  0.000
  0.000
  0.000
  0.000
  0.000
  0.000
  0.000
  0.000
  0.000
  0.000
  0.000
  0.000
  0.000
  0.000
  0.000
  0.000
  0.000
  0.000
  0.000
  0.000
  0.000
  0.000
  0.000
  0.000
  0.000
  0.000
  0.000
  0.000
  0.000
  0.000
  0.000
  0.000
  0.000
  0.000
  0.464
  1.068
  0.000
  0.000
  1.459
  0.000
  2.125
  0.698
  0.000
  1.086
  0.268
  1.320
  0.000
  1.284
  1.900
  1.874
  2.465
  1.216
  1.200
  2.487
  1.052
  1.384
  0.911
  0.000
  1.110
  0.000
  0.433
  0.641
  2.110
  2.084
  3.088
  3.050
  2.009
  1.985
  0.000
  0.969
  1.915
  1.419
  1.403
  0.924
  0.913
  0.903
  0.357
  1.500
  2.356
  1.898
  0.853
  0.844
  0.250
  0.578
  0.000
  0.000
  0.000
  1.027
  0.860
  1.237
  0.000
  0.606
  0.899
  0.000
  0.000
  0.000
  0.000
  0.000
  0.000
  0.000
  0.207
  0.478
  0.000
  0.000
  1.061
  0.263
  1.105
  0.837
  0.000
  0.379
  1.501
  1.239
  0.613
  1.215
  0.301
  2.564
  1.300
  1.054
  0.696
  1.781
  1.082
  2.821
  0.000
  1.662
  1.098
  1.632
  2.697
  1.978
  0.689
  2.468
  0.937
  1.032
  0.767
  1.369
  0.151
  1.496
  0.198
  1.764
  1.166
  2.217
  1.338
  1.469
  1.457
  1.631
  0.416
  1.788
  1.682
  0.045
  2.058
  0.444
  0.572
  0.131
  1.256
  0.816
  1.236
  0.085
  1.595
  0.416
