   1   5   1   0  0.1958727E+03  0.1000000E-03
  CAR 
 unknown system                          
   0   0   0
   1   1
 256 256 256
 256
  0.1000000E-09
  0.6250000E-11
   1
  0.5000000E-15  0.9922518E-09  0.9870189E-09  0.1000578E-08
  0.1997502E+02  0.1997502E+02
  0.000
  0.000
  0.000
  0.000
  0.000
  0.000
  0.000
  0.000
  0.000
  0.000
  0.000
  0.000
  0.000
  0.000
  0.000
  0.000
  0.000
325.128
  7.460
  0.000
  0.000
  0.000
  0.000
  0.000
  0.000
  0.000
  0.000
  0.000
179.194
  8.803
  0.000
  0.000
  0.000
  0.000
  0.000
  0.000
  0.000
  0.000
  0.000
  0.000
  0.000
  0.000
  0.000
  0.000
  0.000
  0.000
  0.000
  0.000
  0.000
  0.000
  0.000
  0.000
  0.000
  0.000
  0.000
  0.000
  0.000
  0.000
  0.000
  0.000
  0.000
  0.000
  0.000
  0.000
  0.000
  0.000
  0.000
  0.000
  0.000
  0.000
  0.000
  0.000
  0.000
  0.000
  0.000
  0.000
  0.000
  0.000
  0.000
  0.000
  0.000
  0.000
  0.000
  0.000
  0.000
  0.000
  0.000
  0.000
  0.000
  0.000
  0.000
  0.000
  0.000
  0.000
  0.000
  0.000
  0.000
  0.000
  0.000
  0.000
  0.000
  0.000
  0.000
  0.000
  0.000
  0.000
  0.000
  0.000
  0.000
  0.000
  0.000
  0.000
  0.000
  0.000
  0.000
  0.000
  0.000
  0.000
  0.000
  0.000
  0.000
  0.000
  0.000
  0.000
  0.000
  0.000
  0.000
  0.000
  0.000
  0.000
  0.000
  1.477
  0.436
  1.003
  1.976
  0.835
  1.371
  0.000
  0.932
  0.394
  0.000
  1.275
  1.258
  0.000
  0.000
  1.206
  4.284
  0.470
  2.316
  3.428
  1.127
  0.334
  0.769
  1.084
  0.000
  0.528
  1.564
  1.029
  0.508
  2.510
  1.983
  3.427
  2.901
  2.388
  0.472
  1.399
  1.382
  0.455
  0.899
  0.000
  0.878
  0.260
  1.030
  1.273
  2.348
  0.995
  0.820
  1.621
  0.000
  0.000
  0.627
  0.155
  1.534
  0.834
  0.675
  0.000
  0.000
  0.000
  0.719
  0.000
  0.000
  0.000
  0.000
  0.341
  0.338
  0.000
  0.926
  0.589
  0.454
  0.000
  0.000
  0.000
  1.557
  0.925
  1.527
  1.089
  1.018
  1.186
  1.762
  0.582
  1.153
  0.571
  0.566
  1.401
  2.331
  1.155
  1.798
  2.375
  1.872
  0.636
  1.576
  1.353
  1.444
  1.738
  1.368
  0.804
  1.344
  0.987
  1.467
  0.000
  2.115
  0.762
  1.748
  0.609
  1.115
  1.750
  2.648
  1.041
  0.314
  0.045
  0.927
  2.365
  1.259
  0.646
  1.025
  0.254
  0.420
  0.875
  0.868
  1.149
  0.814
  0.404
  1.122
  0.715
  0.158
  0.782
