   1   5   1   0  0.2064636E+03  0.1000000E-03
  CAR 
 unknown system                          
   0   0   0
   1   1
 256 256 256
 256
  0.1000000E-09
  0.6250000E-11
   1
  0.5000000E-15  0.1014341E-08  0.1025400E-08  0.9928884E-09
  0.2864383E+02  0.2864383E+02
  0.000
  0.000
  0.000
  0.000
  0.000
  0.000
  0.000
  0.000
  0.000
  0.000
  0.000
  0.000
  0.000
  0.000
  0.000
  0.000
  0.000
325.133
 23.590
  0.000
  0.000
  0.000
  0.000
  0.000
  0.000
  0.000
  0.000
  0.000
169.001
 27.836
  0.000
  0.000
  0.000
  0.000
  0.000
  0.000
  0.000
  0.000
  0.000
  0.000
  0.000
  0.000
  0.000
  0.000
  0.000
  0.000
  0.000
  0.000
  0.000
  0.000
  0.000
  0.000
  0.000
  0.000
  0.000
  0.000
  0.000
  0.000
  0.000
  0.000
  0.000
  0.000
  0.000
  0.000
  0.000
  0.000
  0.000
  0.000
  0.000
  0.000
  0.000
  0.000
  0.000
  0.000
  0.000
  0.000
  0.000
  0.000
  0.000
  0.000
  0.000
  0.000
  0.000
  0.000
  0.000
  0.000
  0.000
  0.000
  0.000
  0.000
  0.000
  0.000
  0.000
  0.000
  0.000
  0.000
  0.000
  0.000
  0.000
  0.000
  0.000
  0.000
  0.000
  0.000
  0.000
  0.000
  0.000
  0.000
  0.000
  0.000
  0.000
  0.000
  0.000
  0.000
  0.000
  0.000
  0.000
  0.000
  0.000
  0.000
  0.000
  0.000
  0.000
  0.000
  0.000
  0.000
  0.000
  0.000
  0.000
  0.000
  1.581
  0.000
  0.000
  0.000
  0.000
  0.000
  0.000
  1.424
  0.842
  0.553
  2.045
  0.941
  1.061
  0.000
  3.481
  2.670
  0.251
  1.485
  2.197
  0.000
  0.000
  0.586
  0.579
  0.000
  2.706
  0.668
  2.198
  1.085
  1.072
  3.174
  3.135
  0.000
  2.039
  2.014
  0.995
  0.000
  2.039
  1.823
  2.844
  0.000
  0.370
  0.549
  1.809
  1.163
  2.387
  1.748
  0.864
  0.854
  0.000
  1.587
  0.909
  0.000
  0.000
  0.000
  0.791
  0.469
  0.310
  0.995
  1.136
  0.375
  0.519
  0.000
  0.000
  0.000
  0.000
  0.000
  0.000
  0.000
  0.547
  0.135
  0.536
  0.133
  1.116
  0.390
  0.451
  0.382
  0.947
  0.563
  0.186
  2.269
  1.823
  0.000
  0.596
  0.768
  3.686
  2.550
  0.402
  1.309
  0.846
  0.838
  1.439
  2.853
  1.794
  0.485
  1.175
  0.953
  0.840
  1.976
  0.825
  1.022
  1.013
  1.005
  0.697
  1.777
  0.979
  1.941
  2.021
  2.291
  0.946
  1.361
  1.443
  0.923
  2.106
  0.636
  0.450
  1.161
  1.772
  0.176
  0.872
  0.605
  0.343
  0.766
  0.844
  1.257
  0.831
  0.000
