   1   5   1   0  0.2052898E+03  0.1000000E-03
  CAR 
 unknown system                          
   0   0   0
   1   1
 256 256 256
 256
  0.1000000E-09
  0.6250000E-11
   1
  0.5000000E-15  0.1017858E-08  0.1009054E-08  0.9996980E-09
  0.1139167E+02  0.1139167E+02
  0.000
  0.000
  0.000
  0.000
  0.000
  0.000
  0.000
  0.000
  0.000
  0.000
  0.000
  0.000
  0.000
  0.000
  0.000
  0.000
  0.000
349.497
  0.000
  0.000
  0.000
  0.000
  0.000
  0.000
  0.000
  0.000
  0.000
  0.000
177.925
 18.452
  0.000
  0.000
  0.000
  0.000
  0.000
  0.000
  0.000
  0.000
  0.000
  0.000
  0.000
  0.000
  0.000
  0.000
  0.000
  0.000
  0.000
  0.000
  0.000
  0.000
  0.000
  0.000
  0.000
  0.000
  0.000
  0.000
  0.000
  0.000
  0.000
  0.000
  0.000
  0.000
  0.000
  0.000
  0.000
  0.000
  0.000
  0.000
  0.000
  0.000
  0.000
  0.000
  0.000
  0.000
  0.000
  0.000
  0.000
  0.000
  0.000
  0.000
  0.000
  0.000
  0.000
  0.000
  0.000
  0.000
  0.000
  0.000
  0.000
  0.000
  0.000
  0.000
  0.000
  0.000
  0.000
  0.000
  0.000
  0.000
  0.000
  0.000
  0.000
  0.000
  0.000
  0.000
  0.000
  0.000
  0.000
  0.000
  0.000
  0.000
  0.000
  0.000
  0.000
  0.000
  0.000
  0.000
  0.000
  0.000
  0.000
  0.000
  0.000
  0.000
  0.000
  0.000
  0.000
  0.000
  0.000
  0.000
  0.000
  0.000
  0.000
  1.548
  0.000
  0.000
  0.000
  0.000
  1.437
  0.566
  2.233
  0.000
  0.407
  0.936
  1.318
  0.000
  0.000
  4.551
  2.993
  0.000
  1.214
  1.796
  0.591
  0.000
  2.302
  1.136
  1.121
  1.107
  0.000
  0.000
  1.065
  2.104
  2.078
  3.079
  3.041
  1.001
  1.978
  0.977
  0.965
  0.954
  1.508
  1.304
  0.921
  1.820
  0.000
  1.778
  0.967
  2.520
  1.289
  2.124
  0.000
  0.000
  0.822
  0.000
  0.000
  0.000
  0.000
  1.245
  1.077
  0.761
  1.281
  0.224
  0.000
  0.000
  0.000
  0.000
  0.000
  0.000
  0.000
  0.000
  0.679
  0.000
  0.466
  0.857
  0.196
  0.776
  0.960
  0.824
  0.439
  0.622
  1.231
  0.610
  0.604
  0.898
  3.023
  1.644
  1.513
  1.153
  0.000
  2.263
  0.561
  2.333
  1.762
  0.873
  0.000
  2.358
  2.974
  1.579
  0.000
  0.983
  2.102
  1.525
  0.000
  0.999
  1.485
  1.522
  1.412
  0.724
  1.914
  1.376
  0.753
  1.960
  2.221
  0.459
  0.910
  1.038
  1.657
  0.444
  1.321
  0.874
  0.000
  0.258
  1.919
  1.396
  0.504
  0.583
  0.413
  0.410
