   1   5   1   0  0.2136089E+03  0.1000000E-03
  CAR 
 unknown system                          
   0   0   0
   1   1
 256 256 256
 256
  0.1000000E-09
  0.6250000E-11
   1
  0.5000000E-15  0.1020243E-08  0.1018991E-08  0.1027559E-08
  0.4471876E+02  0.4471876E+02
  0.000
  0.000
  0.000
  0.000
  0.000
  0.000
  0.000
  0.000
  0.000
  0.000
  0.000
  0.000
  0.000
  0.000
  0.000
  0.000
  0.000
336.385
 24.406
  0.000
  0.000
  0.000
  0.000
  0.000
  0.000
  0.000
  0.000
  3.682
133.709
 63.999
  0.000
  0.000
  0.000
  0.000
  0.000
  0.000
  0.000
  0.000
  0.000
  0.000
  0.000
  0.000
  0.000
  0.000
  0.000
  0.000
  0.000
  0.000
  0.000
  0.000
  0.000
  0.000
  0.000
  0.000
  0.000
  0.000
  0.000
  0.000
  0.000
  0.000
  0.000
  0.000
  0.000
  0.000
  0.000
  0.000
  0.000
  0.000
  0.000
  0.000
  0.000
  0.000
  0.000
  0.000
  0.000
  0.000
  0.000
  0.000
  0.000
  0.000
  0.000
  0.000
  0.000
  0.000
  0.000
  0.000
  0.000
  0.000
  0.000
  0.000
  0.000
  0.000
  0.000
  0.000
  0.000
  0.000
  0.000
  0.000
  0.000
  0.000
  0.000
  0.000
  0.000
  0.000
  0.000
  0.000
  0.000
  0.000
  0.000
  0.000
  0.000
  0.000
  0.000
  0.000
  0.000
  0.000
  0.000
  0.000
  0.000
  0.000
  0.000
  0.000
  0.000
  0.000
  0.000
  0.000
  0.000
  0.000
  0.000
  0.000
  0.000
  0.000
  0.000
  0.000
  0.000
  0.910
  0.598
  0.000
  2.904
  0.716
  1.411
  0.695
  0.000
  1.352
  0.000
  1.052
  0.260
  1.280
  0.000
  1.246
  2.336
  2.548
  0.000
  3.310
  1.983
  2.304
  0.569
  0.000
  1.109
  0.000
  1.081
  2.136
  0.000
  2.084
  3.088
  1.017
  4.018
  3.772
  0.196
  1.357
  0.575
  0.852
  1.030
  0.925
  0.000
  0.904
  0.894
  0.088
  3.059
  1.729
  1.197
  0.930
  0.753
  0.000
  0.000
  0.809
  0.240
  1.109
  1.019
  0.776
  0.000
  0.000
  0.301
  0.446
  0.000
  0.000
  0.000
  0.000
  0.000
  0.000
  0.000
  0.000
  0.340
  1.614
  0.400
  0.330
  0.653
  0.000
  0.641
  1.142
  0.126
  0.872
  1.974
  1.161
  1.332
  1.379
  1.426
  1.590
  0.525
  0.520
  2.692
  0.681
  1.913
  0.892
  2.321
  2.793
  1.031
  1.076
  1.600
  0.529
  1.048
  1.559
  0.670
  0.868
  1.519
  2.812
  1.195
  0.494
  0.979
  1.117
  1.782
  1.767
  1.942
  1.362
  1.072
  0.739
  0.550
  1.182
  1.218
  1.163
  0.311
  1.013
  1.179
  0.693
  0.086
  0.981
