   1   5   1   0  0.2126993E+03  0.1000000E-03
  CAR 
 unknown system                          
   0   0   0
   1   1
 256 256 256
 256
  0.1000000E-09
  0.6250000E-11
   1
  0.5000000E-15  0.1005164E-08  0.1030066E-08  0.1027842E-08
  0.4901436E+02  0.4901436E+02
  0.000
  0.000
  0.000
  0.000
  0.000
  0.000
  0.000
  0.000
  0.000
  0.000
  0.000
  0.000
  0.000
  0.000
  0.000
  0.000
 10.183
325.900
 24.302
  0.000
  0.000
  0.000
  0.000
  0.000
  0.000
  0.000
  0.000
  3.667
129.726
 66.913
  0.000
  0.000
  0.000
  0.000
  0.000
  0.000
  0.000
  0.000
  0.000
  0.000
  0.000
  0.000
  0.000
  0.000
  0.000
  0.000
  0.000
  0.000
  0.000
  0.000
  0.000
  0.000
  0.000
  0.000
  0.000
  0.000
  0.000
  0.000
  0.000
  0.000
  0.000
  0.000
  0.000
  0.000
  0.000
  0.000
  0.000
  0.000
  0.000
  0.000
  0.000
  0.000
  0.000
  0.000
  0.000
  0.000
  0.000
  0.000
  0.000
  0.000
  0.000
  0.000
  0.000
  0.000
  0.000
  0.000
  0.000
  0.000
  0.000
  0.000
  0.000
  0.000
  0.000
  0.000
  0.000
  0.000
  0.000
  0.000
  0.000
  0.000
  0.000
  0.000
  0.000
  0.000
  0.000
  0.000
  0.000
  0.000
  0.000
  0.000
  0.000
  0.000
  0.000
  0.000
  0.000
  0.000
  0.000
  0.000
  0.000
  0.000
  0.000
  0.000
  0.000
  0.000
  0.000
  0.000
  0.000
  0.000
  0.000
  0.000
  0.000
  0.000
  0.000
  0.000
  0.000
  1.057
  1.935
  0.000
  1.446
  0.855
  1.967
  0.831
  0.546
  1.347
  0.000
  0.000
  0.000
  0.000
  0.377
  2.109
  2.204
  1.450
  0.358
  2.825
  2.672
  2.294
  1.132
  2.236
  0.000
  0.654
  0.431
  1.489
  1.050
  0.622
  2.050
  5.062
  3.001
  1.977
  2.344
  0.579
  0.000
  0.000
  0.000
  0.921
  0.182
  0.720
  0.000
  0.968
  2.176
  3.529
  0.851
  1.599
  0.583
  0.577
  0.407
  0.645
  0.558
  0.000
  0.234
  0.541
  0.382
  0.378
  0.299
  0.444
  0.000
  0.000
  0.000
  0.000
  0.000
  0.348
  0.345
  0.615
  0.068
  0.603
  0.066
  0.000
  0.585
  0.773
  1.467
  0.948
  0.939
  1.178
  0.553
  1.460
  1.205
  0.836
  1.183
  1.172
  1.684
  0.518
  2.510
  1.583
  1.400
  1.610
  2.641
  0.982
  0.541
  1.232
  1.434
  1.053
  2.610
  0.000
  1.539
  1.577
  1.462
  0.500
  1.487
  1.524
  0.926
  1.209
  1.247
  2.235
  1.651
  1.029
  0.464
  1.288
  1.278
  1.947
  0.359
  0.624
  0.663
  1.096
  0.304
  0.518
  1.070
  0.680
