   1   5   1   0  0.1981115E+03  0.1000000E-03
  CAR 
 unknown system                          
   0   0   0
   1   1
 256 256 256
 256
  0.1000000E-09
  0.6250000E-11
   1
  0.5000000E-15  0.1013759E-08  0.9968928E-09  0.9807630E-09
  0.1568999E+02  0.1568999E+02
  0.000
  0.000
  0.000
  0.000
  0.000
  0.000
  0.000
  0.000
  0.000
  0.000
  0.000
  0.000
  0.000
  0.000
  0.000
  0.000
  0.000
337.276
  0.000
  0.000
  0.000
  0.000
  0.000
  0.000
  0.000
  0.000
  0.000
  0.000
190.782
  0.000
  0.000
  0.000
  0.000
  0.000
  0.000
  0.000
  0.000
  0.000
  0.000
  0.000
  0.000
  0.000
  0.000
  0.000
  0.000
  0.000
  0.000
  0.000
  0.000
  0.000
  0.000
  0.000
  0.000
  0.000
  0.000
  0.000
  0.000
  0.000
  0.000
  0.000
  0.000
  0.000
  0.000
  0.000
  0.000
  0.000
  0.000
  0.000
  0.000
  0.000
  0.000
  0.000
  0.000
  0.000
  0.000
  0.000
  0.000
  0.000
  0.000
  0.000
  0.000
  0.000
  0.000
  0.000
  0.000
  0.000
  0.000
  0.000
  0.000
  0.000
  0.000
  0.000
  0.000
  0.000
  0.000
  0.000
  0.000
  0.000
  0.000
  0.000
  0.000
  0.000
  0.000
  0.000
  0.000
  0.000
  0.000
  0.000
  0.000
  0.000
  0.000
  0.000
  0.000
  0.000
  0.000
  0.000
  0.000
  0.000
  0.000
  0.000
  0.000
  0.000
  0.000
  0.000
  0.000
  0.000
  0.000
  0.000
  1.408
  0.154
  0.000
  0.000
  0.000
  0.000
  0.714
  0.703
  1.386
  1.093
  0.269
  1.062
  0.262
  0.645
  2.417
  2.634
  2.845
  0.244
  2.166
  0.237
  1.171
  1.156
  2.053
  1.350
  0.000
  0.000
  0.000
  1.068
  1.687
  1.458
  3.084
  3.046
  0.100
  1.882
  2.543
  1.353
  0.000
  0.000
  1.863
  0.921
  1.819
  1.798
  1.777
  2.108
  1.389
  0.858
  2.545
  0.839
  0.000
  0.000
  0.000
  0.802
  0.000
  0.000
  0.000
  0.000
  1.973
  1.051
  0.743
  0.735
  0.000
  0.000
  0.000
  0.000
  0.000
  0.069
  0.615
  0.000
  0.000
  1.324
  0.656
  0.000
  0.064
  0.573
  0.630
  0.000
  0.494
  1.284
  1.454
  1.860
  2.139
  0.353
  1.457
  1.097
  0.000
  0.850
  1.235
  2.114
  1.378
  2.239
  2.056
  2.198
  1.063
  1.579
  0.887
  1.189
  1.486
  0.864
  1.208
  1.347
  1.138
  2.942
  0.000
  0.000
  0.956
  1.611
  1.456
  1.164
  1.940
  1.740
  0.454
  1.531
  0.402
  1.417
  0.966
  1.089
  0.691
  1.543
  0.680
  0.464
  1.464
  0.166
  0.412
  0.817
  0.810
  0.804
  0.399
  0.633
