   1   5   1   0  0.2137541E+03  0.1000000E-03
  CAR 
 unknown system                          
   0   0   0
   1   1
 256 256 256
 256
  0.1000000E-09
  0.6250000E-11
   1
  0.5000000E-15  0.1026279E-08  0.1019003E-08  0.1022622E-08
  0.5758805E+02  0.5758805E+02
  0.000
  0.000
  0.000
  0.000
  0.000
  0.000
  0.000
  0.000
  0.000
  0.000
  0.000
  0.000
  0.000
  0.000
  0.000
  0.000
 10.233
318.418
 32.564
  0.000
  0.000
  0.000
  0.000
  0.000
  0.000
  0.000
  0.000
 11.054
120.077
 70.447
  0.000
  0.000
  0.000
  0.000
  0.000
  0.000
  0.000
  0.000
  0.000
  0.000
  0.000
  0.000
  0.000
  0.000
  0.000
  0.000
  0.000
  0.000
  0.000
  0.000
  0.000
  0.000
  0.000
  0.000
  0.000
  0.000
  0.000
  0.000
  0.000
  0.000
  0.000
  0.000
  0.000
  0.000
  0.000
  0.000
  0.000
  0.000
  0.000
  0.000
  0.000
  0.000
  0.000
  0.000
  0.000
  0.000
  0.000
  0.000
  0.000
  0.000
  0.000
  0.000
  0.000
  0.000
  0.000
  0.000
  0.000
  0.000
  0.000
  0.000
  0.000
  0.000
  0.000
  0.000
  0.000
  0.000
  0.000
  0.000
  0.000
  0.000
  0.000
  0.000
  0.000
  0.000
  0.000
  0.000
  0.000
  0.000
  0.000
  0.000
  0.000
  0.000
  0.000
  0.000
  0.000
  0.000
  0.000
  0.000
  0.000
  0.000
  0.000
  0.000
  0.000
  0.000
  0.000
  0.000
  0.000
  0.000
  0.000
  0.000
  0.000
  0.000
  0.000
  0.000
  0.770
  0.759
  0.000
  0.442
  1.017
  1.432
  1.412
  0.418
  1.372
  0.677
  0.267
  0.000
  0.909
  1.665
  1.643
  0.873
  2.461
  1.336
  1.079
  2.957
  1.168
  1.729
  0.000
  1.123
  0.000
  1.095
  1.082
  1.069
  0.739
  2.398
  4.120
  1.221
  2.111
  2.682
  0.982
  1.940
  0.959
  0.663
  1.218
  0.926
  0.000
  0.905
  0.447
  2.211
  2.362
  1.124
  0.855
  1.015
  0.669
  0.000
  0.000
  0.000
  0.320
  1.665
  0.784
  0.854
  0.307
  0.228
  0.526
  0.000
  0.000
  0.000
  0.000
  0.000
  0.000
  0.000
  0.000
  0.549
  0.816
  0.471
  0.600
  0.264
  0.000
  0.453
  0.833
  0.571
  0.755
  2.741
  1.358
  0.795
  0.303
  0.720
  1.724
  1.237
  1.401
  0.925
  0.745
  1.988
  1.464
  3.292
  0.276
  0.767
  1.304
  3.069
  1.121
  1.270
  1.311
  1.560
  1.186
  2.607
  0.811
  0.000
  0.997
  0.741
  1.127
  2.624
  1.012
  1.290
  1.517
  1.128
  1.305
  0.416
  1.284
  0.864
  1.038
  2.104
  1.688
  0.088
  0.000
  0.867
  0.818
  0.683
