   1   5   1   0  0.2065463E+03  0.1000000E-03
  CAR 
 unknown system                          
   0   0   0
   1   1
 256 256 256
 256
  0.1000000E-09
  0.6250000E-11
   1
  0.5000000E-15  0.1027150E-08  0.9770456E-09  0.1029291E-08
  0.4039371E+02  0.4039371E+02
  0.000
  0.000
  0.000
  0.000
  0.000
  0.000
  0.000
  0.000
  0.000
  0.000
  0.000
  0.000
  0.000
  0.000
  0.000
  0.000
  0.000
334.054
 15.733
  0.000
  0.000
  0.000
  0.000
  0.000
  0.000
  0.000
  0.000
  0.000
135.918
 58.789
  0.000
  0.000
  0.000
  0.000
  0.000
  0.000
  0.000
  0.000
  0.000
  0.000
  0.000
  0.000
  0.000
  0.000
  0.000
  0.000
  0.000
  0.000
  0.000
  0.000
  0.000
  0.000
  0.000
  0.000
  0.000
  0.000
  0.000
  0.000
  0.000
  0.000
  0.000
  0.000
  0.000
  0.000
  0.000
  0.000
  0.000
  0.000
  0.000
  0.000
  0.000
  0.000
  0.000
  0.000
  0.000
  0.000
  0.000
  0.000
  0.000
  0.000
  0.000
  0.000
  0.000
  0.000
  0.000
  0.000
  0.000
  0.000
  0.000
  0.000
  0.000
  0.000
  0.000
  0.000
  0.000
  0.000
  0.000
  0.000
  0.000
  0.000
  0.000
  0.000
  0.000
  0.000
  0.000
  0.000
  0.000
  0.000
  0.000
  0.000
  0.000
  0.000
  0.000
  0.000
  0.000
  0.000
  0.000
  0.000
  0.000
  0.000
  0.000
  0.000
  0.000
  0.000
  0.000
  0.000
  0.000
  0.000
  0.000
  0.000
  0.000
  1.557
  0.000
  0.302
  1.191
  1.027
  0.434
  0.000
  0.140
  1.107
  0.682
  1.479
  0.663
  0.654
  0.903
  1.018
  1.004
  2.723
  0.366
  3.012
  2.021
  1.760
  0.463
  1.371
  0.451
  1.114
  0.550
  1.628
  0.000
  2.117
  0.627
  1.445
  1.020
  0.000
  2.985
  2.950
  2.914
  0.960
  2.371
  1.781
  1.945
  1.740
  0.543
  0.895
  0.000
  0.000
  0.000
  0.000
  0.592
  1.839
  1.736
  2.044
  1.213
  0.000
  0.000
  0.000
  0.465
  0.536
  0.455
  0.225
  0.594
  0.000
  0.073
  0.432
  0.214
  0.000
  0.000
  0.690
  0.683
  0.000
  0.000
  0.000
  0.985
  0.325
  0.000
  1.148
  0.758
  1.126
  2.478
  0.736
  0.000
  0.000
  0.835
  2.718
  1.171
  0.986
  0.575
  1.309
  1.467
  3.186
  0.388
  1.647
  1.088
  1.078
  1.603
  1.165
  3.727
  1.457
  1.754
  1.789
  0.507
  0.854
  0.548
  0.395
  0.196
  1.748
  1.878
  0.955
  1.894
  0.798
  1.164
  2.309
  0.824
  0.227
  1.487
  2.189
  0.798
  0.879
  0.436
  0.000
  0.772
  1.022
  1.478
  0.251
  0.707
  0.495
