   1   5   1   0  0.2049122E+03  0.1000000E-03
  CAR 
 unknown system                          
   0   0   0
   1   1
 256 256 256
 256
  0.1000000E-09
  0.6250000E-11
   1
  0.5000000E-15  0.1005421E-08  0.1029495E-08  0.9906798E-09
  0.1134574E+02  0.1134574E+02
  0.000
  0.000
  0.000
  0.000
  0.000
  0.000
  0.000
  0.000
  0.000
  0.000
  0.000
  0.000
  0.000
  0.000
  0.000
  0.000
  0.000
348.854
  0.000
  0.000
  0.000
  0.000
  0.000
  0.000
  0.000
  0.000
  0.000
  0.000
171.020
 24.557
  0.000
  0.000
  0.000
  0.000
  0.000
  0.000
  0.000
  0.000
  0.000
  0.000
  0.000
  0.000
  0.000
  0.000
  0.000
  0.000
  0.000
  0.000
  0.000
  0.000
  0.000
  0.000
  0.000
  0.000
  0.000
  0.000
  0.000
  0.000
  0.000
  0.000
  0.000
  0.000
  0.000
  0.000
  0.000
  0.000
  0.000
  0.000
  0.000
  0.000
  0.000
  0.000
  0.000
  0.000
  0.000
  0.000
  0.000
  0.000
  0.000
  0.000
  0.000
  0.000
  0.000
  0.000
  0.000
  0.000
  0.000
  0.000
  0.000
  0.000
  0.000
  0.000
  0.000
  0.000
  0.000
  0.000
  0.000
  0.000
  0.000
  0.000
  0.000
  0.000
  0.000
  0.000
  0.000
  0.000
  0.000
  0.000
  0.000
  0.000
  0.000
  0.000
  0.000
  0.000
  0.000
  0.000
  0.000
  0.000
  0.000
  0.000
  0.000
  0.000
  0.000
  0.000
  0.000
  0.000
  0.000
  0.000
  0.000
  0.000
  1.569
  0.000
  0.000
  0.000
  0.000
  0.000
  1.434
  0.000
  0.000
  2.608
  1.489
  1.201
  0.132
  2.595
  1.280
  2.524
  0.000
  1.228
  1.211
  1.195
  0.000
  0.000
  0.000
  1.134
  2.238
  1.105
  2.182
  2.369
  0.851
  3.150
  2.074
  1.024
  2.023
  0.999
  0.987
  1.951
  1.927
  1.143
  1.129
  1.488
  0.000
  0.000
  1.796
  2.663
  0.000
  1.735
  0.858
  0.848
  1.090
  1.410
  0.820
  0.000
  0.000
  0.793
  0.785
  0.000
  1.536
  0.000
  0.075
  0.670
  0.368
  0.364
  0.000
  0.000
  0.000
  0.000
  0.000
  0.000
  0.678
  1.074
  0.266
  0.000
  1.498
  0.452
  0.000
  0.000
  0.000
  0.993
  1.229
  2.070
  2.412
  2.389
  0.000
  0.586
  0.581
  1.611
  1.824
  0.452
  0.672
  2.384
  2.033
  1.089
  1.295
  0.856
  2.173
  1.524
  0.521
  1.136
  2.405
  1.572
  2.162
  0.847
  0.494
  0.490
  1.458
  1.445
  1.194
  1.895
  2.114
  0.186
  1.155
  0.733
  2.044
  0.901
  0.894
  0.000
  0.923
  1.570
  2.293
  0.429
  0.000
  1.267
  0.000
  0.166
  0.990
  0.900
