   1   5   1   0  0.2046456E+03  0.1000000E-03
  CAR 
 unknown system                          
   0   0   0
   1   1
 256 256 256
 256
  0.1000000E-09
  0.6250000E-11
   1
  0.5000000E-15  0.1018690E-08  0.1016785E-08  0.9888136E-09
  0.2933951E+02  0.2933951E+02
  0.000
  0.000
  0.000
  0.000
  0.000
  0.000
  0.000
  0.000
  0.000
  0.000
  0.000
  0.000
  0.000
  0.000
  0.000
  0.000
  0.000
322.270
 23.382
  0.000
  0.000
  0.000
  0.000
  0.000
  0.000
  0.000
  0.000
  0.000
167.513
 27.591
  0.000
  0.000
  0.000
  0.000
  0.000
  0.000
  0.000
  0.000
  0.000
  0.000
  0.000
  0.000
  0.000
  0.000
  0.000
  0.000
  0.000
  0.000
  0.000
  0.000
  0.000
  0.000
  0.000
  0.000
  0.000
  0.000
  0.000
  0.000
  0.000
  0.000
  0.000
  0.000
  0.000
  0.000
  0.000
  0.000
  0.000
  0.000
  0.000
  0.000
  0.000
  0.000
  0.000
  0.000
  0.000
  0.000
  0.000
  0.000
  0.000
  0.000
  0.000
  0.000
  0.000
  0.000
  0.000
  0.000
  0.000
  0.000
  0.000
  0.000
  0.000
  0.000
  0.000
  0.000
  0.000
  0.000
  0.000
  0.000
  0.000
  0.000
  0.000
  0.000
  0.000
  0.000
  0.000
  0.000
  0.000
  0.000
  0.000
  0.000
  0.000
  0.000
  0.000
  0.000
  0.000
  0.000
  0.000
  0.000
  0.000
  0.000
  0.000
  0.000
  0.000
  0.000
  0.000
  0.000
  0.000
  0.000
  0.000
  1.591
  0.000
  0.000
  0.000
  0.000
  0.000
  0.000
  0.000
  0.847
  2.365
  0.960
  1.352
  0.000
  0.000
  2.591
  2.556
  2.521
  0.622
  2.330
  0.726
  0.000
  0.707
  0.465
  0.000
  1.359
  2.012
  2.207
  0.000
  0.968
  2.230
  0.524
  4.350
  2.353
  0.000
  1.996
  0.986
  1.461
  0.481
  2.853
  0.000
  1.486
  0.367
  1.905
  3.497
  0.886
  0.088
  2.945
  0.428
  0.169
  1.256
  0.248
  0.819
  0.000
  0.000
  0.000
  0.314
  0.465
  0.997
  1.290
  1.201
  0.297
  0.000
  0.000
  0.000
  0.000
  0.000
  0.000
  0.691
  0.684
  0.000
  0.000
  0.000
  0.329
  0.325
  1.095
  0.510
  0.948
  1.877
  1.239
  0.000
  0.608
  0.181
  1.014
  1.241
  2.810
  1.218
  2.126
  0.171
  2.820
  0.838
  2.492
  0.549
  1.468
  1.186
  1.656
  0.847
  1.259
  0.520
  0.722
  1.840
  2.026
  0.502
  0.996
  1.481
  1.957
  1.019
  2.213
  0.716
  2.081
  0.985
  0.837
  0.507
  1.601
  1.770
  2.250
  0.000
  1.240
  0.527
  0.000
  0.216
  1.072
  2.126
  0.422
  0.963
  1.536
  0.000
  0.409
