   1   5   1   0  0.2041315E+03  0.1000000E-03
  CAR 
 unknown system                          
   0   0   0
   1   1
 256 256 256
 256
  0.1000000E-09
  0.6250000E-11
   1
  0.5000000E-15  0.1010840E-08  0.9916626E-09  0.1018606E-08
  0.1077170E+02  0.1077170E+02
  0.000
  0.000
  0.000
  0.000
  0.000
  0.000
  0.000
  0.000
  0.000
  0.000
  0.000
  0.000
  0.000
  0.000
  0.000
  0.000
  0.000
347.525
  0.000
  0.000
  0.000
  0.000
  0.000
  0.000
  0.000
  0.000
  0.000
  0.000
167.092
 27.522
  0.000
  0.000
  0.000
  0.000
  0.000
  0.000
  0.000
  0.000
  0.000
  0.000
  0.000
  0.000
  0.000
  0.000
  0.000
  0.000
  0.000
  0.000
  0.000
  0.000
  0.000
  0.000
  0.000
  0.000
  0.000
  0.000
  0.000
  0.000
  0.000
  0.000
  0.000
  0.000
  0.000
  0.000
  0.000
  0.000
  0.000
  0.000
  0.000
  0.000
  0.000
  0.000
  0.000
  0.000
  0.000
  0.000
  0.000
  0.000
  0.000
  0.000
  0.000
  0.000
  0.000
  0.000
  0.000
  0.000
  0.000
  0.000
  0.000
  0.000
  0.000
  0.000
  0.000
  0.000
  0.000
  0.000
  0.000
  0.000
  0.000
  0.000
  0.000
  0.000
  0.000
  0.000
  0.000
  0.000
  0.000
  0.000
  0.000
  0.000
  0.000
  0.000
  0.000
  0.000
  0.000
  0.000
  0.000
  0.000
  0.000
  0.000
  0.000
  0.000
  0.000
  0.000
  0.000
  0.000
  0.000
  0.000
  0.000
  0.000
  0.000
  0.000
  0.000
  0.597
  2.354
  1.450
  1.000
  0.422
  0.000
  1.368
  0.000
  0.000
  1.311
  1.292
  1.275
  0.000
  0.000
  1.713
  2.414
  3.453
  0.940
  2.203
  2.289
  0.000
  1.115
  0.000
  1.087
  1.073
  0.106
  2.615
  0.413
  2.041
  2.016
  1.991
  1.967
  1.943
  2.880
  0.949
  2.812
  0.000
  1.831
  0.000
  0.894
  0.000
  1.748
  0.000
  0.427
  2.112
  0.919
  0.743
  1.634
  0.000
  0.000
  1.581
  0.782
  0.773
  0.000
  0.757
  0.000
  0.000
  0.000
  0.435
  0.287
  0.000
  0.000
  0.000
  0.000
  0.000
  0.000
  0.669
  1.721
  0.918
  0.000
  0.643
  0.000
  0.630
  0.000
  0.618
  0.551
  2.547
  1.742
  2.380
  0.589
  1.168
  1.157
  0.458
  0.681
  2.250
  1.449
  0.773
  2.025
  2.875
  1.505
  0.639
  1.056
  0.680
  2.438
  1.028
  0.153
  1.364
  1.302
  2.185
  1.969
  1.464
  0.000
  0.960
  0.952
  2.029
  1.029
  2.366
  1.795
  0.685
  0.905
  0.000
  1.425
  0.442
  1.007
  1.781
  1.164
  0.727
  0.594
  0.463
  0.209
  0.828
  1.109
  0.530
