   1   5   1   0  0.1924150E+03  0.1000000E-03
  CAR 
 unknown system                          
   0   0   0
   1   1
 256 256 256
 256
  0.1000000E-09
  0.6250000E-11
   1
  0.5000000E-15  0.9719245E-09  0.1020550E-08  0.9704556E-09
  0.5104140E+02  0.5104140E+02
  0.000
  0.000
  0.000
  0.000
  0.000
  0.000
  0.000
  0.000
  0.000
  0.000
  0.000
  0.000
  0.000
  0.000
  0.000
  0.000
  0.000
311.199
 14.656
  0.000
  0.000
  0.000
  0.000
  0.000
  0.000
  0.000
  0.000
 19.902
120.442
 43.237
  0.000
  0.000
  0.000
  0.000
  0.000
  0.000
  0.000
  0.000
  0.000
  0.000
  0.000
  0.000
  0.000
  0.000
  0.000
  0.000
  0.000
  0.000
  0.000
  0.000
  0.000
  0.000
  0.000
  0.000
  0.000
  0.000
  0.000
  0.000
  0.000
  0.000
  0.000
  0.000
  0.000
  0.000
  0.000
  0.000
  0.000
  0.000
  0.000
  0.000
  0.000
  0.000
  0.000
  0.000
  0.000
  0.000
  0.000
  0.000
  0.000
  0.000
  0.000
  0.000
  0.000
  0.000
  0.000
  0.000
  0.000
  0.000
  0.000
  0.000
  0.000
  0.000
  0.000
  0.000
  0.000
  0.000
  0.000
  0.000
  0.000
  0.000
  0.000
  0.000
  0.000
  0.000
  0.000
  0.000
  0.000
  0.000
  0.000
  0.000
  0.000
  0.000
  0.000
  0.000
  0.000
  0.000
  0.000
  0.000
  0.000
  0.000
  0.000
  0.000
  0.000
  0.000
  0.000
  0.000
  0.784
  0.772
  0.000
  0.000
  0.589
  0.870
  0.000
  1.126
  0.277
  0.683
  0.673
  0.531
  2.093
  1.031
  1.525
  2.506
  1.235
  0.000
  0.961
  1.422
  0.000
  1.153
  1.138
  0.000
  1.108
  1.093
  0.647
  2.023
  2.207
  4.461
  1.639
  2.731
  0.799
  0.592
  2.337
  0.481
  2.375
  0.469
  1.391
  0.000
  1.629
  0.179
  0.442
  1.746
  1.294
  0.000
  2.614
  1.583
  0.000
  0.652
  0.886
  0.717
  0.945
  1.557
  0.308
  0.457
  0.075
  0.447
  0.221
  0.000
  0.000
  0.000
  0.706
  0.699
  0.207
  0.342
  0.135
  0.000
  0.000
  0.656
  0.000
  0.386
  0.255
  1.828
  1.123
  0.618
  0.673
  0.788
  1.020
  0.713
  1.235
  1.049
  1.270
  1.372
  2.718
  2.075
  1.167
  1.046
  1.090
  0.162
  2.355
  0.477
  1.103
  1.666
  0.826
  1.278
  1.013
  1.507
  0.996
  0.000
  1.467
  2.230
  1.249
  1.810
  3.069
  1.638
  0.139
  0.920
  1.460
  1.674
  0.583
  1.290
  0.441
  1.268
  1.084
  0.516
  0.469
  1.058
  1.007
  0.541
  0.826
  2.048
  0.853
  0.242
  0.400
  0.000
  0.787
  0.625
  0.155
  0.538
