   1   5   1   0  0.1965296E+03  0.1000000E-03
  CAR 
 unknown system                          
   0   0   0
   1   1
 256 256 256
 256
  0.1000000E-09
  0.6250000E-11
   1
  0.5000000E-15  0.1000792E-08  0.9823653E-09  0.9997914E-09
  0.1750679E+02  0.1750679E+02
  0.000
  0.000
  0.000
  0.000
  0.000
  0.000
  0.000
  0.000
  0.000
  0.000
  0.000
  0.000
  0.000
  0.000
  0.000
  0.000
  0.000
334.583
  0.000
  0.000
  0.000
  0.000
  0.000
  0.000
  0.000
  0.000
  0.000
  6.776
176.641
  5.888
  0.000
  0.000
  0.000
  0.000
  0.000
  0.000
  0.000
  0.000
  0.000
  0.000
  0.000
  0.000
  0.000
  0.000
  0.000
  0.000
  0.000
  0.000
  0.000
  0.000
  0.000
  0.000
  0.000
  0.000
  0.000
  0.000
  0.000
  0.000
  0.000
  0.000
  0.000
  0.000
  0.000
  0.000
  0.000
  0.000
  0.000
  0.000
  0.000
  0.000
  0.000
  0.000
  0.000
  0.000
  0.000
  0.000
  0.000
  0.000
  0.000
  0.000
  0.000
  0.000
  0.000
  0.000
  0.000
  0.000
  0.000
  0.000
  0.000
  0.000
  0.000
  0.000
  0.000
  0.000
  0.000
  0.000
  0.000
  0.000
  0.000
  0.000
  0.000
  0.000
  0.000
  0.000
  0.000
  0.000
  0.000
  0.000
  0.000
  0.000
  0.000
  0.000
  0.000
  0.000
  0.000
  0.000
  0.000
  0.000
  0.000
  0.000
  0.000
  0.000
  0.000
  0.000
  0.000
  0.000
  0.000
  0.000
  0.000
  0.000
  0.000
  1.482
  1.460
  0.000
  0.991
  1.814
  0.000
  0.000
  1.336
  0.000
  1.298
  0.896
  1.640
  0.000
  0.000
  2.784
  3.223
  1.178
  2.324
  2.293
  1.131
  0.000
  0.000
  1.087
  0.000
  1.060
  1.046
  1.963
  1.122
  1.007
  3.680
  4.224
  0.000
  0.959
  2.557
  1.216
  1.849
  0.913
  0.902
  0.892
  0.000
  0.871
  1.292
  0.851
  1.262
  1.664
  0.658
  1.789
  0.000
  0.000
  0.236
  0.544
  1.077
  0.457
  0.753
  0.596
  0.147
  0.000
  0.721
  0.000
  0.000
  0.000
  0.000
  0.137
  0.542
  0.201
  0.465
  0.000
  0.000
  1.288
  0.637
  0.000
  0.625
  1.052
  0.919
  2.184
  0.961
  0.952
  0.589
  0.000
  2.024
  1.432
  1.419
  1.405
  1.225
  1.490
  1.476
  1.300
  1.073
  1.755
  2.793
  1.253
  1.915
  0.154
  2.034
  2.016
  0.999
  0.495
  0.491
  0.486
  0.096
  1.721
  1.991
  2.491
  1.444
  1.201
  0.779
  1.090
  1.396
  1.563
  0.576
  1.318
  0.871
  0.994
  0.900
  1.275
  0.253
  0.293
  0.249
  1.482
  0.531
  0.891
  1.085
  0.837
  0.712
  0.000
