   1   5   1   0  0.1903599E+03  0.1000000E-03
  CAR 
 unknown system                          
   0   0   0
   1   1
 256 256 256
 256
  0.1000000E-09
  0.6250000E-11
   1
  0.5000000E-15  0.9768621E-09  0.9944155E-09  0.9798290E-09
  0.2678876E+02  0.2678876E+02
  0.000
  0.000
  0.000
  0.000
  0.000
  0.000
  0.000
  0.000
  0.000
  0.000
  0.000
  0.000
  0.000
  0.000
  0.000
  0.000
  0.000
324.079
  0.000
  0.000
  0.000
  0.000
  0.000
  0.000
  0.000
  0.000
  0.000
  3.281
155.819
 22.813
  0.000
  0.000
  0.000
  0.000
  0.000
  0.000
  0.000
  0.000
  0.000
  0.000
  0.000
  0.000
  0.000
  0.000
  0.000
  0.000
  0.000
  0.000
  0.000
  0.000
  0.000
  0.000
  0.000
  0.000
  0.000
  0.000
  0.000
  0.000
  0.000
  0.000
  0.000
  0.000
  0.000
  0.000
  0.000
  0.000
  0.000
  0.000
  0.000
  0.000
  0.000
  0.000
  0.000
  0.000
  0.000
  0.000
  0.000
  0.000
  0.000
  0.000
  0.000
  0.000
  0.000
  0.000
  0.000
  0.000
  0.000
  0.000
  0.000
  0.000
  0.000
  0.000
  0.000
  0.000
  0.000
  0.000
  0.000
  0.000
  0.000
  0.000
  0.000
  0.000
  0.000
  0.000
  0.000
  0.000
  0.000
  0.000
  0.000
  0.000
  0.000
  0.000
  0.000
  0.000
  0.000
  0.000
  0.000
  0.000
  0.000
  0.000
  0.000
  0.000
  0.000
  0.000
  0.000
  0.000
  0.000
  0.458
  1.052
  0.000
  0.000
  0.718
  0.707
  0.139
  2.607
  0.676
  1.998
  0.000
  0.647
  0.638
  0.000
  0.496
  1.589
  3.977
  0.000
  0.586
  1.735
  1.141
  0.000
  2.332
  0.986
  3.244
  0.000
  1.053
  0.000
  1.026
  2.027
  3.002
  2.964
  0.976
  2.409
  1.427
  2.820
  0.928
  0.917
  0.000
  0.000
  0.354
  0.524
  0.864
  0.854
  2.869
  1.001
  1.649
  2.364
  0.403
  0.000
  0.000
  0.623
  0.539
  0.381
  0.452
  0.298
  0.737
  0.583
  0.866
  0.000
  0.000
  0.000
  0.000
  0.000
  0.000
  0.000
  0.000
  0.394
  1.558
  0.771
  0.509
  0.189
  0.437
  0.000
  1.039
  0.787
  0.899
  1.484
  1.175
  1.571
  2.479
  1.142
  0.961
  1.288
  0.555
  2.144
  0.054
  1.618
  2.458
  2.436
  0.944
  1.040
  0.824
  1.225
  1.012
  1.303
  0.199
  1.970
  0.488
  2.419
  1.439
  1.426
  0.848
  1.028
  1.343
  1.423
  1.184
  3.340
  0.895
  0.532
  0.352
  0.305
  1.601
  1.201
  0.766
  0.211
  1.716
  0.498
  0.865
  0.613
  0.770
  1.005
  0.439
  0.791
  0.824
  0.779
  0.000
  0.000
  0.266
