   1   5   1   0  0.2113351E+03  0.1000000E-03
  CAR 
 unknown system                          
   0   0   0
   1   1
 256 256 256
 256
  0.1000000E-09
  0.6250000E-11
   1
  0.5000000E-15  0.1026615E-08  0.1023847E-08  0.1005960E-08
  0.3706710E+02  0.3706710E+02
  0.000
  0.000
  0.000
  0.000
  0.000
  0.000
  0.000
  0.000
  0.000
  0.000
  0.000
  0.000
  0.000
  0.000
  0.000
  0.000
  0.000
341.799
 16.098
  0.000
  0.000
  0.000
  0.000
  0.000
  0.000
  0.000
  0.000
  0.000
145.853
 53.820
  0.000
  0.000
  0.000
  0.000
  0.000
  0.000
  0.000
  0.000
  0.000
  0.000
  0.000
  0.000
  0.000
  0.000
  0.000
  0.000
  0.000
  0.000
  0.000
  0.000
  0.000
  0.000
  0.000
  0.000
  0.000
  0.000
  0.000
  0.000
  0.000
  0.000
  0.000
  0.000
  0.000
  0.000
  0.000
  0.000
  0.000
  0.000
  0.000
  0.000
  0.000
  0.000
  0.000
  0.000
  0.000
  0.000
  0.000
  0.000
  0.000
  0.000
  0.000
  0.000
  0.000
  0.000
  0.000
  0.000
  0.000
  0.000
  0.000
  0.000
  0.000
  0.000
  0.000
  0.000
  0.000
  0.000
  0.000
  0.000
  0.000
  0.000
  0.000
  0.000
  0.000
  0.000
  0.000
  0.000
  0.000
  0.000
  0.000
  0.000
  0.000
  0.000
  0.000
  0.000
  0.000
  0.000
  0.000
  0.000
  0.000
  0.000
  0.000
  0.000
  0.000
  0.000
  0.000
  0.000
  0.000
  0.000
  0.000
  0.000
  0.000
  0.000
  1.569
  0.000
  0.000
  0.000
  0.000
  0.000
  1.005
  1.416
  0.837
  0.963
  1.357
  1.070
  0.264
  0.000
  3.466
  1.646
  2.499
  1.233
  0.000
  1.200
  1.185
  0.936
  1.385
  0.000
  2.250
  1.111
  0.000
  1.083
  2.139
  2.113
  2.087
  2.371
  2.138
  1.610
  0.596
  1.375
  1.165
  2.302
  1.327
  0.000
  1.852
  0.000
  1.900
  1.252
  2.211
  1.312
  1.211
  1.710
  0.085
  0.585
  0.248
  0.000
  0.000
  0.000
  0.317
  1.176
  0.853
  1.535
  0.759
  0.000
  0.000
  0.000
  0.000
  0.000
  0.000
  0.000
  0.000
  0.692
  0.000
  0.000
  0.672
  0.333
  0.593
  0.587
  0.582
  0.768
  0.887
  0.753
  1.119
  0.986
  0.976
  1.028
  1.437
  2.255
  1.117
  0.699
  0.346
  2.917
  1.530
  0.955
  1.057
  1.103
  2.351
  1.300
  1.235
  1.917
  2.322
  1.308
  0.778
  0.103
  1.631
  1.516
  0.952
  0.845
  1.478
  0.586
  2.616
  0.673
  1.286
  1.701
  1.734
  0.976
  0.876
  1.006
  2.086
  0.450
  1.160
  0.443
  0.659
  0.653
  1.556
  0.429
  1.106
  1.140
