   1   5   1   0  0.2054695E+03  0.1000000E-03
  CAR 
 unknown system                          
   0   0   0
   1   1
 256 256 256
 256
  0.1000000E-09
  0.6250000E-11
   1
  0.5000000E-15  0.1019888E-08  0.9999775E-09  0.1008012E-08
  0.1392514E+02  0.1392514E+02
  0.000
  0.000
  0.000
  0.000
  0.000
  0.000
  0.000
  0.000
  0.000
  0.000
  0.000
  0.000
  0.000
  0.000
  0.000
  0.000
  0.000
349.803
  0.000
  0.000
  0.000
  0.000
  0.000
  0.000
  0.000
  0.000
  0.000
  0.000
178.081
 18.468
  0.000
  0.000
  0.000
  0.000
  0.000
  0.000
  0.000
  0.000
  0.000
  0.000
  0.000
  0.000
  0.000
  0.000
  0.000
  0.000
  0.000
  0.000
  0.000
  0.000
  0.000
  0.000
  0.000
  0.000
  0.000
  0.000
  0.000
  0.000
  0.000
  0.000
  0.000
  0.000
  0.000
  0.000
  0.000
  0.000
  0.000
  0.000
  0.000
  0.000
  0.000
  0.000
  0.000
  0.000
  0.000
  0.000
  0.000
  0.000
  0.000
  0.000
  0.000
  0.000
  0.000
  0.000
  0.000
  0.000
  0.000
  0.000
  0.000
  0.000
  0.000
  0.000
  0.000
  0.000
  0.000
  0.000
  0.000
  0.000
  0.000
  0.000
  0.000
  0.000
  0.000
  0.000
  0.000
  0.000
  0.000
  0.000
  0.000
  0.000
  0.000
  0.000
  0.000
  0.000
  0.000
  0.000
  0.000
  0.000
  0.000
  0.000
  0.000
  0.000
  0.000
  0.000
  0.000
  0.000
  0.000
  0.000
  0.000
  0.000
  0.000
  0.000
  1.526
  0.000
  0.000
  1.459
  1.150
  0.283
  1.397
  0.000
  1.086
  0.268
  0.000
  1.301
  1.283
  1.012
  1.498
  2.463
  2.065
  0.360
  3.548
  2.334
  1.152
  0.000
  0.000
  0.000
  1.094
  0.648
  1.493
  0.000
  1.040
  4.108
  0.812
  6.714
  0.495
  0.000
  0.000
  2.578
  0.566
  1.865
  1.567
  0.911
  0.900
  0.890
  0.000
  3.827
  1.376
  0.000
  1.345
  0.333
  0.822
  0.000
  0.000
  0.000
  0.787
  1.557
  0.077
  0.686
  0.452
  0.746
  0.295
  0.000
  0.000
  0.000
  0.000
  0.000
  0.000
  0.000
  0.680
  0.942
  0.400
  0.660
  0.000
  0.000
  0.641
  0.317
  0.314
  0.622
  3.451
  0.855
  0.846
  1.138
  0.653
  1.528
  0.349
  1.269
  1.257
  1.699
  0.729
  2.168
  2.369
  2.075
  1.677
  0.858
  1.116
  1.528
  1.462
  1.656
  0.000
  1.526
  2.521
  0.550
  2.181
  0.246
  0.487
  1.304
  1.820
  0.570
  1.083
  1.962
  1.760
  1.837
  0.000
  0.904
  0.896
  1.156
  1.764
  1.487
  0.260
  0.602
  0.043
  1.525
  0.462
  0.917
  1.241
  0.410
