   1   5   1   0  0.2040577E+03  0.1000000E-03
  CAR 
 unknown system                          
   0   0   0
   1   1
 256 256 256
 256
  0.1000000E-09
  0.6250000E-11
   1
  0.5000000E-15  0.1024943E-08  0.9769513E-09  0.1019021E-08
  0.2627769E+02  0.2627769E+02
  0.000
  0.000
  0.000
  0.000
  0.000
  0.000
  0.000
  0.000
  0.000
  0.000
  0.000
  0.000
  0.000
  0.000
  0.000
  0.000
  0.000
338.714
  7.772
  0.000
  0.000
  0.000
  0.000
  0.000
  0.000
  0.000
  0.000
  0.000
153.931
 39.739
  0.000
  0.000
  0.000
  0.000
  0.000
  0.000
  0.000
  0.000
  0.000
  0.000
  0.000
  0.000
  0.000
  0.000
  0.000
  0.000
  0.000
  0.000
  0.000
  0.000
  0.000
  0.000
  0.000
  0.000
  0.000
  0.000
  0.000
  0.000
  0.000
  0.000
  0.000
  0.000
  0.000
  0.000
  0.000
  0.000
  0.000
  0.000
  0.000
  0.000
  0.000
  0.000
  0.000
  0.000
  0.000
  0.000
  0.000
  0.000
  0.000
  0.000
  0.000
  0.000
  0.000
  0.000
  0.000
  0.000
  0.000
  0.000
  0.000
  0.000
  0.000
  0.000
  0.000
  0.000
  0.000
  0.000
  0.000
  0.000
  0.000
  0.000
  0.000
  0.000
  0.000
  0.000
  0.000
  0.000
  0.000
  0.000
  0.000
  0.000
  0.000
  0.000
  0.000
  0.000
  0.000
  0.000
  0.000
  0.000
  0.000
  0.000
  0.000
  0.000
  0.000
  0.000
  0.000
  0.000
  0.000
  0.000
  0.000
  0.000
  0.000
  1.077
  0.455
  0.896
  2.059
  0.000
  0.000
  0.000
  0.555
  0.820
  0.674
  1.462
  0.524
  0.904
  0.892
  0.754
  1.488
  2.201
  3.619
  3.571
  0.000
  1.043
  1.258
  0.000
  0.000
  1.100
  1.086
  1.073
  0.000
  2.092
  2.066
  0.000
  2.015
  0.995
  5.014
  0.874
  1.919
  0.000
  3.748
  0.463
  2.288
  1.266
  1.431
  0.000
  0.000
  0.000
  0.256
  1.436
  1.670
  0.165
  2.368
  1.211
  0.320
  0.000
  0.000
  0.077
  0.688
  0.378
  0.374
  0.370
  0.367
  0.508
  0.215
  0.000
  0.000
  0.000
  0.069
  0.614
  0.000
  0.668
  0.662
  0.262
  0.389
  0.000
  1.018
  0.819
  1.809
  0.124
  1.836
  0.061
  1.381
  1.071
  1.355
  1.401
  0.810
  0.745
  0.795
  2.137
  2.285
  2.098
  0.711
  1.085
  1.612
  0.320
  2.903
  2.145
  1.452
  1.542
  2.038
  1.515
  0.501
  0.348
  0.148
  1.513
  0.726
  0.959
  1.094
  2.877
  1.403
  0.603
  2.162
  0.456
  0.000
  2.244
  1.469
  1.192
  1.314
  0.000
  0.000
  1.197
  1.060
  0.757
  0.584
  0.621
  1.232
  0.000
