   1   5   1   0  0.2070863E+03  0.1000000E-03
  CAR 
 unknown system                          
   0   0   0
   1   1
 256 256 256
 256
  0.1000000E-09
  0.6250000E-11
   1
  0.5000000E-15  0.9992057E-09  0.1020370E-08  0.1015944E-08
  0.2113703E+02  0.2113703E+02
  0.000
  0.000
  0.000
  0.000
  0.000
  0.000
  0.000
  0.000
  0.000
  0.000
  0.000
  0.000
  0.000
  0.000
  0.000
  0.000
  0.000
352.555
  0.000
  0.000
  0.000
  0.000
  0.000
  0.000
  0.000
  0.000
  0.000
  0.000
159.540
 37.227
  0.000
  0.000
  0.000
  0.000
  0.000
  0.000
  0.000
  0.000
  0.000
  0.000
  0.000
  0.000
  0.000
  0.000
  0.000
  0.000
  0.000
  0.000
  0.000
  0.000
  0.000
  0.000
  0.000
  0.000
  0.000
  0.000
  0.000
  0.000
  0.000
  0.000
  0.000
  0.000
  0.000
  0.000
  0.000
  0.000
  0.000
  0.000
  0.000
  0.000
  0.000
  0.000
  0.000
  0.000
  0.000
  0.000
  0.000
  0.000
  0.000
  0.000
  0.000
  0.000
  0.000
  0.000
  0.000
  0.000
  0.000
  0.000
  0.000
  0.000
  0.000
  0.000
  0.000
  0.000
  0.000
  0.000
  0.000
  0.000
  0.000
  0.000
  0.000
  0.000
  0.000
  0.000
  0.000
  0.000
  0.000
  0.000
  0.000
  0.000
  0.000
  0.000
  0.000
  0.000
  0.000
  0.000
  0.000
  0.000
  0.000
  0.000
  0.000
  0.000
  0.000
  0.000
  0.000
  0.000
  0.000
  0.000
  0.000
  0.000
  0.000
  0.000
  0.000
  0.757
  0.746
  1.471
  0.000
  0.571
  2.252
  1.665
  1.094
  0.000
  1.330
  0.000
  0.000
  0.000
  0.000
  2.234
  1.469
  2.416
  0.000
  1.176
  2.670
  2.406
  1.357
  2.568
  1.213
  0.000
  0.000
  1.061
  1.048
  2.070
  1.022
  3.535
  3.692
  2.070
  2.630
  0.962
  0.951
  0.000
  0.000
  0.184
  0.726
  0.897
  0.000
  0.438
  2.167
  3.171
  1.102
  1.760
  0.746
  0.000
  0.811
  0.802
  0.000
  0.785
  0.000
  0.461
  0.456
  0.601
  0.298
  0.442
  0.000
  0.000
  0.000
  0.000
  0.000
  0.000
  0.206
  0.475
  0.000
  1.064
  0.263
  1.043
  0.258
  0.575
  0.507
  1.442
  0.311
  0.923
  1.097
  1.811
  1.315
  0.592
  1.408
  2.093
  0.576
  1.712
  0.566
  1.177
  2.721
  0.550
  2.563
  1.243
  2.143
  1.062
  0.684
  1.930
  0.569
  1.282
  1.220
  1.511
  1.998
  0.000
  1.178
  1.509
  1.690
  1.197
  0.949
  1.459
  2.054
  0.787
  2.066
  0.820
  0.813
  0.224
  1.289
  0.882
  1.137
  1.475
  0.344
  0.726
  0.296
  0.798
  0.709
  0.993
